date,amount,close,code,high,low,open,turnoverratio,volume
2017-11-03 14:00,,5.93,2420,5.95,5.9,5.94,,3583.0
2017-11-03 15:00,,5.88,2420,5.93,5.86,5.93,,6569.0
2017-11-06 10:30,,5.86,2420,5.88,5.83,5.83,,8603.0
2017-11-06 11:30,,5.88,2420,5.9,5.84,5.86,,3787.0
2017-11-06 14:00,,5.92,2420,5.94,5.87,5.88,,3397.0
2017-11-06 15:00,,5.97,2420,5.98,5.92,5.92,,7124.0
2017-11-07 10:30,,5.95,2420,5.97,5.91,5.95,,8786.0
2017-11-07 11:30,,5.95,2420,5.96,5.93,5.95,,1548.0
2017-11-07 14:00,,5.92,2420,5.97,5.92,5.95,,2436.0
2017-11-07 15:00,,6.0,2420,6.01,5.92,5.92,,6978.0
2017-11-08 10:30,,6.06,2420,6.08,5.97,6.0,,7365.0
2017-11-08 11:30,,6.08,2420,6.08,6.04,6.06,,2276.0
2017-11-08 14:00,,6.08,2420,6.1,6.06,6.08,,3481.0
2017-11-08 15:00,,6.03,2420,6.09,6.02,6.08,,5703.0
2017-11-09 10:30,,6.04,2420,6.07,6.03,6.05,,4597.0
2017-11-09 11:30,,6.05,2420,6.06,6.04,6.04,,1621.0
2017-11-09 14:00,,6.06,2420,6.06,6.04,6.05,,2908.0
2017-11-09 15:00,,6.08,2420,6.1,6.04,6.06,,4642.0
2017-11-10 10:30,,6.08,2420,6.09,6.05,6.08,,5066.0
2017-11-10 11:30,,6.08,2420,6.1,6.06,6.08,,3063.0
2017-11-10 14:00,,6.07,2420,6.09,6.06,6.08,,3368.0
2017-11-10 15:00,,6.07,2420,6.08,6.05,6.07,,4354.0
2017-11-13 10:30,,6.03,2420,6.09,6.02,6.09,,5734.0
2017-11-13 11:30,,6.03,2420,6.05,6.02,6.03,,2492.0
2017-11-13 14:00,,6.09,2420,6.11,6.02,6.03,,3928.0
2017-11-13 15:00,,6.07,2420,6.16,6.07,6.09,,12471.0
2017-11-14 10:30,,6.02,2420,6.09,5.99,6.09,,9195.0
2017-11-14 11:30,,6.0,2420,6.03,5.98,6.02,,5483.0
2017-11-14 14:00,,5.97,2420,6.01,5.96,6.0,,4581.0
2017-11-14 15:00,,5.98,2420,6.0,5.92,5.97,,7788.0
2017-11-15 10:30,,5.95,2420,6.01,5.92,5.96,,3849.0
2017-11-15 11:30,,5.94,2420,5.96,5.91,5.95,,5621.0
2017-11-15 14:00,,5.94,2420,5.95,5.91,5.94,,3446.0
2017-11-15 15:00,,5.98,2420,6.0,5.94,5.94,,7015.0
2017-11-16 10:30,,5.99,2420,6.01,5.91,5.95,,5584.0
2017-11-16 11:30,,5.99,2420,5.99,5.96,5.99,,2299.0
2017-11-16 14:00,,5.96,2420,5.99,5.95,5.99,,2648.0
2017-11-16 15:00,,5.95,2420,5.99,5.95,5.96,,4012.0
2017-11-17 10:30,,5.76,2420,5.99,5.7,5.98,,20541.0
2017-11-17 11:30,,5.75,2420,5.77,5.71,5.76,,5414.0
2017-11-17 14:00,,5.7,2420,5.77,5.68,5.75,,5749.0
2017-11-17 15:00,,5.62,2420,5.7,5.57,5.7,,16020.0
2017-11-20 10:30,,5.53,2420,5.59,5.34,5.58,,11779.0
2017-11-20 11:30,,5.54,2420,5.57,5.51,5.53,,5084.0
2017-11-20 14:00,,5.58,2420,5.59,5.52,5.54,,2877.0
2017-11-20 15:00,,5.62,2420,5.62,5.55,5.58,,3350.0
2017-11-21 10:30,,5.95,2420,6.11,5.82,5.9,,105412.0
2017-11-21 11:30,,5.89,2420,5.97,5.85,5.95,,23145.0
2017-11-21 14:00,,5.92,2420,5.96,5.88,5.89,,11024.0
2017-11-21 15:00,,5.85,2420,5.93,5.84,5.92,,21924.0
2017-11-22 10:30,,5.73,2420,5.77,5.41,5.77,,51102.0
2017-11-22 11:30,,5.64,2420,5.75,5.61,5.73,,12622.0
2017-11-22 14:00,,5.65,2420,5.67,5.64,5.64,,7392.0
2017-11-22 15:00,,5.71,2420,5.71,5.65,5.66,,13720.0
2017-11-23 10:30,,5.63,2420,5.69,5.55,5.64,,17741.0
2017-11-23 11:30,,5.58,2420,5.64,5.58,5.63,,6854.0
2017-11-23 14:00,,5.58,2420,5.6,5.54,5.58,,7774.0
2017-11-23 15:00,,5.5,2420,5.6,5.5,5.58,,12835.0
2017-11-24 10:30,,5.52,2420,5.54,5.41,5.46,,8142.0
2017-11-24 11:30,,5.53,2420,5.56,5.5,5.52,,4479.0
2017-11-24 14:00,,5.54,2420,5.55,5.52,5.53,,3793.0
2017-11-24 15:00,,5.53,2420,5.56,5.51,5.54,,7796.0
2017-11-27 10:30,,5.56,2420,5.56,5.43,5.5,,8333.0
2017-11-27 11:30,,5.59,2420,5.61,5.54,5.56,,4331.0
2017-11-27 14:00,,5.56,2420,5.6,5.54,5.59,,3768.0
2017-11-27 15:00,,5.49,2420,5.57,5.47,5.56,,6439.0
2017-11-28 10:30,,5.52,2420,5.56,5.47,5.47,,6629.0
2017-11-28 11:30,,5.53,2420,5.55,5.5,5.52,,3860.0
2017-11-28 14:00,,5.56,2420,5.56,5.52,5.53,,4953.0
2017-11-28 15:00,,5.6,2420,5.6,5.55,5.56,,7315.0
2017-11-29 10:30,,5.57,2420,5.62,5.55,5.59,,6955.0
2017-11-29 11:30,,5.56,2420,5.58,5.54,5.57,,2670.0
2017-11-29 14:00,,5.58,2420,5.59,5.55,5.56,,3244.0
2017-11-29 15:00,,5.59,2420,5.6,5.56,5.58,,2792.0
2017-11-30 10:30,,5.58,2420,5.61,5.53,5.57,,4527.0
2017-11-30 11:30,,5.57,2420,5.59,5.56,5.58,,2201.0
2017-11-30 14:00,,5.57,2420,5.59,5.56,5.57,,2482.0
2017-11-30 15:00,,5.59,2420,5.59,5.56,5.57,,3473.0
2017-12-01 10:30,,5.6,2420,5.61,5.54,5.59,,4788.0
2017-12-01 11:30,,5.58,2420,5.61,5.58,5.6,,3720.0
2017-12-01 14:00,,5.56,2420,5.59,5.5,5.58,,7349.0
2017-12-01 15:00,,5.6,2420,5.61,5.55,5.56,,4902.0
2017-12-04 10:30,,5.53,2420,5.6,5.52,5.59,,7925.0
2017-12-04 11:30,,5.59,2420,5.61,5.53,5.53,,3887.0
2017-12-04 14:00,,5.51,2420,5.59,5.51,5.59,,6506.0
2017-12-04 15:00,,5.47,2420,5.52,5.46,5.51,,7608.0
2017-12-05 10:30,,5.36,2420,5.48,5.34,5.43,,10805.0
2017-12-05 11:30,,5.33,2420,5.39,5.3,5.36,,8951.0
2017-12-05 14:00,,5.26,2420,5.35,5.24,5.33,,8359.0
2017-12-05 15:00,,5.22,2420,5.29,5.17,5.26,,12963.0
2017-12-06 10:30,,5.23,2420,5.26,5.21,5.22,,4777.0
2017-12-06 11:30,,5.23,2420,5.25,5.21,5.23,,3611.0
2017-12-06 14:00,,5.2,2420,5.24,5.2,5.23,,2996.0
2017-12-06 15:00,,5.29,2420,5.3,5.18,5.2,,6954.0
2017-12-07 10:30,,5.25,2420,5.31,5.24,5.26,,7486.0
2017-12-07 11:30,,5.26,2420,5.29,5.24,5.25,,4524.0
2017-12-07 14:00,,5.32,2420,5.36,5.26,5.26,,5351.0
2017-12-07 15:00,,5.27,2420,5.32,5.24,5.32,,4574.0
2017-12-08 10:30,,5.35,2420,5.37,5.25,5.27,,8864.0
2017-12-08 11:30,,5.33,2420,5.37,5.32,5.32,,3984.0
2017-12-08 14:00,,5.35,2420,5.37,5.33,5.33,,2851.0
2017-12-08 15:00,,5.34,2420,5.37,5.32,5.35,,3178.0
2017-12-11 10:30,,5.36,2420,5.38,5.31,5.34,,4822.0
2017-12-11 11:30,,5.35,2420,5.38,5.35,5.36,,2288.0
2017-12-11 14:00,,5.35,2420,5.36,5.33,5.35,,1314.0
2017-12-11 15:00,,5.38,2420,5.38,5.34,5.35,,3808.0
2017-12-12 10:30,,5.36,2420,5.4,5.34,5.38,,6723.0
2017-12-12 11:30,,5.34,2420,5.37,5.33,5.35,,2092.0
2017-12-12 14:00,,5.31,2420,5.35,5.3,5.34,,3690.0
2017-12-12 15:00,,5.29,2420,5.33,5.28,5.31,,4620.0
2017-12-13 10:30,,5.35,2420,5.35,5.26,5.27,,5372.0
2017-12-13 11:30,,5.3,2420,5.35,5.3,5.35,,3717.0
2017-12-13 14:00,,5.32,2420,5.35,5.29,5.3,,4666.0
2017-12-13 15:00,,5.33,2420,5.36,5.3,5.32,,6775.0
2017-12-14 10:30,,5.34,2420,5.38,5.31,5.31,,6528.0
2017-12-14 11:30,,5.33,2420,5.35,5.3,5.34,,3611.0
2017-12-14 14:00,,5.34,2420,5.35,5.32,5.33,,3150.0
2017-12-14 15:00,,5.36,2420,5.37,5.34,5.34,,4522.0
2017-12-15 10:30,,5.33,2420,5.35,5.29,5.35,,6238.0
2017-12-15 11:30,,5.34,2420,5.38,5.31,5.33,,5879.0
2017-12-15 14:00,,5.33,2420,5.35,5.32,5.34,,1630.0
2017-12-15 15:00,,5.38,2420,5.4,5.33,5.33,,6552.0
2017-12-18 10:30,,5.35,2420,5.37,5.32,5.35,,5288.0
2017-12-18 11:30,,5.32,2420,5.36,5.31,5.35,,3923.0
2017-12-18 14:00,,5.3,2420,5.33,5.29,5.32,,4680.0
2017-12-18 15:00,,5.28,2420,5.3,5.26,5.3,,5400.0
2017-12-19 10:30,,5.33,2420,5.35,5.26,5.27,,5736.0
2017-12-19 11:30,,5.33,2420,5.36,5.33,5.33,,2737.0
2017-12-19 14:00,,5.34,2420,5.36,5.33,5.33,,1831.0
2017-12-19 15:00,,5.38,2420,5.45,5.34,5.34,,7936.0
2017-12-20 10:30,,5.33,2420,5.4,5.32,5.4,,4557.0
2017-12-20 11:30,,5.33,2420,5.35,5.32,5.33,,2149.0
2017-12-20 14:00,,5.3,2420,5.33,5.3,5.33,,2961.0
2017-12-20 15:00,,5.29,2420,5.31,5.27,5.3,,5387.0
2017-12-21 10:30,,5.21,2420,5.28,5.16,5.24,,10670.0
2017-12-21 11:30,,5.22,2420,5.26,5.18,5.21,,3741.0
2017-12-21 14:00,,5.27,2420,5.29,5.22,5.22,,8813.0
2017-12-21 15:00,,5.26,2420,5.28,5.26,5.27,,2538.0
2017-12-22 10:30,,5.27,2420,5.27,5.22,5.25,,5753.0
2017-12-22 11:30,,5.23,2420,5.27,5.21,5.27,,4484.0
2017-12-22 14:00,,5.24,2420,5.27,5.23,5.23,,3175.0
2017-12-22 15:00,,5.2,2420,5.25,5.2,5.24,,4430.0
2017-12-25 10:30,,5.15,2420,5.22,5.11,5.2,,12978.0
2017-12-25 11:30,,5.09,2420,5.15,5.07,5.15,,6748.0
2017-12-25 14:00,,5.11,2420,5.12,5.08,5.09,,2727.0
2017-12-25 15:00,,5.1,2420,5.12,5.07,5.11,,4151.0
2017-12-26 10:30,,5.12,2420,5.14,5.05,5.1,,5724.0
2017-12-26 11:30,,5.12,2420,5.13,5.07,5.12,,3087.0
2017-12-26 14:00,,5.18,2420,5.19,5.12,5.12,,6758.0
2017-12-26 15:00,,5.18,2420,5.19,5.16,5.18,,5507.0
2017-12-27 10:30,,5.18,2420,5.21,5.16,5.16,,3732.0
2017-12-27 11:30,,5.19,2420,5.22,5.17,5.18,,2343.0
2017-12-27 14:00,,5.22,2420,5.23,5.18,5.19,,4094.0
2017-12-27 15:00,,5.22,2420,5.23,5.17,5.22,,6327.0
2017-12-28 10:30,,5.2,2420,5.23,5.13,5.2,,5782.0
2017-12-28 11:30,,5.22,2420,5.24,5.2,5.2,,2582.0
2017-12-28 14:00,,5.23,2420,5.24,5.2,5.22,,4740.0
2017-12-28 15:00,,5.21,2420,5.24,5.2,5.24,,4705.0
2017-12-29 10:30,,5.22,2420,5.23,5.19,5.2,,2409.0
2017-12-29 11:30,,5.23,2420,5.23,5.21,5.22,,1614.0
2017-12-29 14:00,,5.24,2420,5.28,5.21,5.23,,3519.0
2017-12-29 15:00,,5.27,2420,5.28,5.22,5.24,,4432.0
2018-01-02 10:30,,5.28,2420,5.3,5.22,5.26,,9507.0
2018-01-02 11:30,,5.29,2420,5.31,5.27,5.28,,4018.0
2018-01-02 14:00,,5.29,2420,5.31,5.29,5.29,,2455.0
2018-01-02 15:00,,5.28,2420,5.3,5.27,5.29,,5450.0
2018-01-03 10:30,,5.31,2420,5.33,5.27,5.29,,5678.0
2018-01-03 11:30,,5.34,2420,5.34,5.27,5.31,,10122.0
2018-01-03 14:00,,5.32,2420,5.34,5.3,5.34,,2614.0
2018-01-03 15:00,,5.35,2420,5.35,5.32,5.32,,6492.0
2018-01-04 10:30,,5.37,2420,5.37,5.3,5.34,,7471.0
2018-01-04 11:30,,5.35,2420,5.38,5.35,5.37,,2900.0
2018-01-04 14:00,,5.34,2420,5.37,5.34,5.35,,1910.0
2018-01-04 15:00,,5.35,2420,5.35,5.33,5.34,,4558.0
2018-01-05 10:30,,5.32,2420,5.38,5.32,5.35,,4678.0
2018-01-05 11:30,,5.37,2420,5.37,5.32,5.32,,3748.0
2018-01-05 14:00,,5.37,2420,5.38,5.36,5.37,,3570.0
2018-01-05 15:00,,5.38,2420,5.38,5.36,5.37,,7014.0
2018-01-08 10:30,,5.32,2420,5.37,5.3,5.37,,4155.0
2018-01-08 11:30,,5.32,2420,5.34,5.32,5.32,,1798.0
2018-01-08 14:00,,5.33,2420,5.33,5.29,5.32,,4683.0
2018-01-08 15:00,,5.33,2420,5.34,5.31,5.33,,2913.0
2018-01-09 10:30,,5.37,2420,5.38,5.3,5.31,,9235.0
2018-01-09 11:30,,5.37,2420,5.38,5.35,5.37,,6018.0
2018-01-09 14:00,,5.32,2420,5.37,5.32,5.37,,3269.0
2018-01-09 15:00,,5.31,2420,5.33,5.29,5.32,,5173.0
2018-01-10 10:30,,5.27,2420,5.31,5.27,5.31,,4356.0
2018-01-10 11:30,,5.26,2420,5.31,5.24,5.26,,5176.0
2018-01-10 14:00,,5.2,2420,5.26,5.19,5.26,,4306.0
2018-01-10 15:00,,5.23,2420,5.26,5.2,5.2,,3201.0
2018-01-11 10:30,,5.27,2420,5.29,5.18,5.21,,5123.0
2018-01-11 11:30,,5.29,2420,5.29,5.25,5.27,,2512.0
2018-01-11 14:00,,5.28,2420,5.29,5.24,5.29,,6479.0
2018-01-11 15:00,,5.31,2420,5.33,5.24,5.28,,7365.0
2018-01-12 10:30,,5.33,2420,5.35,5.3,5.3,,7809.0
2018-01-12 11:30,,5.35,2420,5.38,5.3,5.33,,11773.0
2018-01-12 14:00,,5.26,2420,5.36,5.25,5.35,,7174.0
2018-01-12 15:00,,5.23,2420,5.29,5.23,5.26,,6718.0
2018-01-15 10:30,,5.18,2420,5.24,5.16,5.24,,7066.0
2018-01-15 11:30,,5.16,2420,5.22,5.15,5.18,,5276.0
2018-01-15 14:00,,5.1,2420,5.18,5.1,5.16,,4085.0
2018-01-15 15:00,,5.03,2420,5.16,5.02,5.09,,7396.0
2018-01-16 10:30,,5.09,2420,5.1,5.0,5.03,,7132.0
2018-01-16 11:30,,5.07,2420,5.1,5.06,5.09,,3122.0
2018-01-16 14:00,,5.03,2420,5.1,5.03,5.07,,3603.0
2018-01-16 15:00,,5.1,2420,5.11,5.01,5.03,,5527.0
2018-01-17 10:30,,5.01,2420,5.08,5.0,5.08,,6213.0
2018-01-17 11:30,,5.07,2420,5.07,5.0,5.01,,3467.0
2018-01-17 14:00,,5.08,2420,5.09,5.05,5.07,,1857.0
2018-01-17 15:00,,5.09,2420,5.1,5.06,5.08,,2079.0
2018-01-18 10:30,,5.12,2420,5.13,5.06,5.06,,3849.0
2018-01-18 11:30,,5.11,2420,5.14,5.1,5.12,,2732.0
2018-01-18 14:00,,5.09,2420,5.12,5.08,5.11,,2169.0
2018-01-18 15:00,,5.07,2420,5.09,5.06,5.09,,4658.0
2018-01-19 10:30,,5.12,2420,5.14,5.06,5.07,,5062.0
2018-01-19 11:30,,5.13,2420,5.15,5.1,5.12,,5295.0
2018-01-19 14:00,,5.1,2420,5.14,5.1,5.13,,2675.0
2018-01-19 15:00,,5.1,2420,5.11,5.05,5.1,,6953.0
2018-01-22 10:30,,5.07,2420,5.1,5.03,5.06,,6376.0
2018-01-22 11:30,,5.11,2420,5.11,5.06,5.07,,3141.0
2018-01-22 14:00,,5.12,2420,5.13,5.09,5.11,,5056.0
2018-01-22 15:00,,5.12,2420,5.16,5.11,5.12,,6566.0
2018-01-23 10:30,,5.1,2420,5.14,5.08,5.12,,8383.0
2018-01-23 11:30,,5.11,2420,5.13,5.1,5.1,,2448.0
2018-01-23 14:00,,5.08,2420,5.13,5.08,5.11,,3256.0
2018-01-23 15:00,,5.14,2420,5.14,5.08,5.08,,8362.0
2018-01-24 10:30,,5.13,2420,5.13,5.07,5.13,,7523.0
2018-01-24 11:30,,5.12,2420,5.13,5.1,5.13,,3019.0
2018-01-24 14:00,,5.13,2420,5.14,5.11,5.12,,2996.0
2018-01-24 15:00,,5.13,2420,5.15,5.12,5.13,,6107.0
2018-01-25 10:30,,5.15,2420,5.17,5.12,5.14,,6970.0
2018-01-25 11:30,,5.17,2420,5.18,5.14,5.15,,3911.0
2018-01-25 14:00,,5.16,2420,5.17,5.15,5.17,,3915.0
2018-01-25 15:00,,5.15,2420,5.2,5.15,5.16,,9758.0
2018-01-26 10:30,,5.13,2420,5.19,5.1,5.12,,7998.0
2018-01-26 11:30,,5.13,2420,5.15,5.1,5.13,,4518.0
2018-01-26 14:00,,5.12,2420,5.14,5.11,5.13,,2161.0
2018-01-26 15:00,,5.12,2420,5.13,5.11,5.12,,4071.0
2018-01-29 10:30,,5.09,2420,5.14,5.08,5.11,,6461.0
2018-01-29 11:30,,5.06,2420,5.1,5.04,5.09,,5303.0
2018-01-29 14:00,,5.06,2420,5.08,5.04,5.06,,2623.0
2018-01-29 15:00,,5.03,2420,5.07,5.02,5.06,,4434.0
2018-01-30 10:30,,5.02,2420,5.05,4.98,5.05,,8445.0
2018-01-30 11:30,,4.99,2420,5.03,4.98,5.02,,3107.0
2018-01-30 14:00,,5.0,2420,5.02,4.99,4.99,,2333.0
2018-01-30 15:00,,4.98,2420,5.02,4.97,5.0,,6301.0
2018-01-31 10:30,,4.79,2420,4.9,4.78,4.9,,20906.0
2018-01-31 11:30,,4.83,2420,4.84,4.78,4.79,,7926.0
2018-01-31 14:00,,4.77,2420,4.83,4.76,4.83,,4284.0
2018-01-31 15:00,,4.68,2420,4.77,4.64,4.77,,17323.0
2018-02-01 10:30,,4.54,2420,4.7,4.53,4.68,,17102.0
2018-02-01 11:30,,4.45,2420,4.59,4.44,4.54,,13271.0
2018-02-01 14:00,,4.41,2420,4.46,4.31,4.45,,15673.0
2018-02-01 15:00,,4.39,2420,4.43,4.36,4.41,,7781.0
2018-02-02 10:30,,4.32,2420,4.36,4.15,4.34,,15936.0
2018-02-02 11:30,,4.29,2420,4.36,4.28,4.32,,4538.0
2018-02-02 14:00,,4.28,2420,4.33,4.27,4.29,,2331.0
2018-02-02 15:00,,4.3,2420,4.36,4.28,4.28,,3088.0
2018-02-05 10:30,,4.26,2420,4.27,4.2,4.26,,7697.0
2018-02-05 11:30,,4.3,2420,4.31,4.24,4.26,,4784.0
2018-02-05 14:00,,4.3,2420,4.35,4.3,4.3,,3466.0
2018-02-05 15:00,,4.24,2420,4.32,4.24,4.3,,4621.0
2018-02-06 10:30,,4.15,2420,4.18,4.09,4.18,,15517.0
2018-02-06 11:30,,4.15,2420,4.18,4.13,4.15,,5124.0
2018-02-06 14:00,,4.16,2420,4.16,4.1,4.15,,6953.0
2018-02-06 15:00,,3.96,2420,4.16,3.91,4.16,,14370.0
2018-02-07 10:30,,4.02,2420,4.1,4.01,4.03,,9580.0
2018-02-07 11:30,,4.0,2420,4.02,3.9,4.02,,8194.0
2018-02-07 14:00,,4.01,2420,4.03,3.98,4.0,,5554.0
2018-02-07 15:00,,4.04,2420,4.04,4.0,4.01,,5076.0
2018-02-08 10:30,,4.14,2420,4.19,4.03,4.03,,13601.0
2018-02-08 11:30,,4.14,2420,4.17,4.14,4.14,,3403.0
2018-02-08 14:00,,4.13,2420,4.18,4.11,4.14,,8108.0
2018-02-08 15:00,,4.12,2420,4.16,4.12,4.13,,4149.0
2018-02-09 10:30,,4.15,2420,4.16,4.0,4.06,,11074.0
2018-02-09 11:30,,4.14,2420,4.16,4.09,4.15,,7842.0
2018-02-09 14:00,,4.09,2420,4.15,4.09,4.14,,4917.0
2018-02-09 15:00,,4.25,2420,4.28,4.02,4.09,,16139.0
2018-02-12 10:30,,4.26,2420,4.3,4.17,4.23,,12852.0
2018-02-12 11:30,,4.28,2420,4.3,4.23,4.25,,5755.0
2018-02-12 14:00,,4.3,2420,4.33,4.28,4.28,,4680.0
2018-02-12 15:00,,4.28,2420,4.31,4.26,4.3,,5483.0
2018-02-13 10:30,,4.28,2420,4.31,4.26,4.28,,5572.0
2018-02-13 11:30,,4.28,2420,4.29,4.26,4.28,,3189.0
2018-02-13 14:00,,4.26,2420,4.28,4.25,4.28,,3684.0
2018-02-13 15:00,,4.21,2420,4.26,4.21,4.26,,5032.0
2018-02-14 10:30,,4.22,2420,4.27,4.2,4.23,,5530.0
2018-02-14 11:30,,4.21,2420,4.23,4.2,4.22,,868.0
2018-02-14 14:00,,4.25,2420,4.25,4.21,4.21,,1757.0
2018-02-14 15:00,,4.25,2420,4.26,4.22,4.25,,2913.0
2018-02-22 10:30,,4.29,2420,4.3,4.23,4.27,,6829.0
2018-02-22 11:30,,4.28,2420,4.28,4.25,4.28,,2340.0
2018-02-22 14:00,,4.32,2420,4.32,4.26,4.28,,4805.0
2018-02-22 15:00,,4.33,2420,4.36,4.29,4.32,,9815.0
2018-02-23 10:30,,4.33,2420,4.36,4.3,4.34,,11871.0
2018-02-23 11:30,,4.3,2420,4.35,4.27,4.33,,3359.0
2018-02-23 14:00,,4.3,2420,4.3,4.28,4.3,,1576.0
2018-02-23 15:00,,4.31,2420,4.33,4.28,4.3,,3985.0
2018-02-26 10:30,,4.33,2420,4.34,4.3,4.31,,5202.0
2018-02-26 11:30,,4.38,2420,4.38,4.33,4.33,,5990.0
2018-02-26 14:00,,4.39,2420,4.4,4.36,4.38,,4174.0
2018-02-26 15:00,,4.38,2420,4.4,4.37,4.39,,3862.0
2018-02-27 10:30,,4.4,2420,4.44,4.36,4.36,,5220.0
2018-02-27 11:30,,4.39,2420,4.4,4.38,4.4,,3954.0
2018-02-27 14:00,,4.39,2420,4.4,4.37,4.39,,1743.0
2018-02-27 15:00,,4.38,2420,4.42,4.38,4.39,,3900.0
2018-02-28 10:30,,4.37,2420,4.4,4.32,4.35,,5318.0
2018-02-28 11:30,,4.38,2420,4.41,4.37,4.37,,2386.0
2018-02-28 14:00,,4.4,2420,4.4,4.38,4.38,,2212.0
2018-02-28 15:00,,4.39,2420,4.4,4.37,4.4,,2883.0
2018-03-01 10:30,,4.46,2420,4.5,4.34,4.35,,9097.0
2018-03-01 11:30,,4.48,2420,4.48,4.46,4.46,,1910.0
2018-03-01 14:00,,4.47,2420,4.49,4.45,4.48,,3192.0
2018-03-01 15:00,,4.47,2420,4.48,4.44,4.47,,6302.0
2018-03-02 10:30,,4.47,2420,4.5,4.42,4.42,,4864.0
2018-03-02 11:30,,4.49,2420,4.52,4.44,4.47,,7373.0
2018-03-02 14:00,,4.48,2420,4.52,4.48,4.49,,2120.0
2018-03-02 15:00,,4.47,2420,4.5,4.46,4.48,,2563.0
2018-03-05 10:30,,4.49,2420,4.54,4.46,4.48,,4450.0
2018-03-05 11:30,,4.47,2420,4.5,4.45,4.49,,3698.0
2018-03-05 14:00,,4.51,2420,4.52,4.47,4.47,,2547.0
2018-03-05 15:00,,4.49,2420,4.52,4.48,4.51,,2838.0
2018-03-06 10:30,,4.54,2420,4.54,4.48,4.52,,3792.0
2018-03-06 11:30,,4.55,2420,4.56,4.5,4.54,,4564.0
2018-03-06 14:00,,4.54,2420,4.57,4.53,4.55,,4066.0
2018-03-06 15:00,,4.55,2420,4.57,4.54,4.54,,3915.0
2018-03-07 10:30,,4.52,2420,4.55,4.49,4.55,,4681.0
2018-03-07 11:30,,4.52,2420,4.55,4.52,4.52,,1922.0
2018-03-07 14:00,,4.53,2420,4.53,4.49,4.52,,3632.0
2018-03-07 15:00,,4.51,2420,4.55,4.51,4.53,,3383.0
2018-03-08 10:30,,4.53,2420,4.56,4.48,4.51,,6285.0
2018-03-08 11:30,,4.51,2420,4.56,4.51,4.53,,2844.0
2018-03-08 14:00,,4.53,2420,4.55,4.51,4.51,,1373.0
2018-03-08 15:00,,4.55,2420,4.56,4.51,4.53,,3348.0
2018-03-09 10:30,,4.54,2420,4.57,4.53,4.56,,4653.0
2018-03-09 11:30,,4.6,2420,4.63,4.53,4.54,,3637.0
2018-03-09 14:00,,4.63,2420,4.65,4.59,4.6,,3842.0
2018-03-09 15:00,,4.63,2420,4.65,4.6,4.63,,5705.0
2018-03-12 10:30,,4.61,2420,4.68,4.61,4.62,,8254.0
2018-03-12 11:30,,4.62,2420,4.65,4.61,4.61,,7548.0
2018-03-12 14:00,,4.63,2420,4.65,4.62,4.62,,2688.0
2018-03-12 15:00,,4.67,2420,4.69,4.63,4.63,,6563.0
2018-03-13 10:30,,4.7,2420,4.73,4.65,4.68,,9544.0
2018-03-13 11:30,,4.7,2420,4.72,4.68,4.7,,3165.0
2018-03-13 14:00,,4.72,2420,4.74,4.7,4.7,,4927.0
2018-03-13 15:00,,4.68,2420,4.72,4.67,4.72,,6327.0
2018-03-14 10:30,,4.67,2420,4.73,4.67,4.7,,9423.0
2018-03-14 11:30,,4.59,2420,4.67,4.55,4.67,,8595.0
2018-03-14 14:00,,4.61,2420,4.63,4.57,4.59,,5305.0
2018-03-14 15:00,,4.6,2420,4.63,4.57,4.61,,5379.0
2018-03-15 10:30,,4.51,2420,4.57,4.5,4.55,,11792.0
2018-03-15 11:30,,4.51,2420,4.53,4.49,4.51,,4682.0
2018-03-15 14:00,,4.48,2420,4.53,4.46,4.51,,3891.0
2018-03-15 15:00,,4.54,2420,4.54,4.47,4.48,,5288.0
2018-03-16 10:30,,4.59,2420,4.59,4.5,4.51,,10581.0
2018-03-16 11:30,,4.55,2420,4.6,4.53,4.6,,3148.0
2018-03-16 14:00,,4.57,2420,4.58,4.54,4.55,,2723.0
2018-03-16 15:00,,4.64,2420,4.64,4.57,4.57,,16842.0
2018-03-19 10:30,,4.6,2420,4.63,4.58,4.62,,6882.0
2018-03-19 11:30,,4.63,2420,4.63,4.58,4.6,,3471.0
2018-03-19 14:00,,4.6,2420,4.63,4.59,4.63,,3059.0
2018-03-19 15:00,,4.62,2420,4.62,4.59,4.6,,3434.0
2018-03-20 10:30,,4.57,2420,4.59,4.53,4.55,,7156.0
2018-03-20 11:30,,4.59,2420,4.62,4.56,4.57,,6462.0
2018-03-20 14:00,,4.68,2420,4.72,4.58,4.59,,8551.0
2018-03-20 15:00,,4.79,2420,4.84,4.68,4.68,,37933.0
2018-03-21 10:30,,4.75,2420,4.77,4.66,4.73,,20628.0
2018-03-21 11:30,,4.75,2420,4.77,4.71,4.75,,5258.0
2018-03-21 14:00,,4.74,2420,4.76,4.73,4.75,,2465.0
2018-03-21 15:00,,4.62,2420,4.74,4.61,4.74,,18580.0
2018-03-22 10:30,,4.64,2420,4.68,4.61,4.62,,9216.0
2018-03-22 11:30,,4.62,2420,4.64,4.56,4.64,,10331.0
2018-03-22 14:00,,4.68,2420,4.7,4.61,4.62,,7392.0
2018-03-22 15:00,,4.67,2420,4.69,4.64,4.68,,4724.0
2018-03-23 10:30,,4.54,2420,4.57,4.42,4.57,,12159.0
2018-03-23 11:30,,4.45,2420,4.55,4.44,4.54,,8417.0
2018-03-23 14:00,,4.33,2420,4.45,4.29,4.45,,12279.0
2018-03-23 15:00,,4.35,2420,4.39,4.29,4.33,,7158.0
2018-03-26 10:30,,4.28,2420,4.31,4.09,4.31,,11799.0
2018-03-26 11:30,,4.26,2420,4.29,4.24,4.28,,3574.0
2018-03-26 14:00,,4.3,2420,4.3,4.25,4.26,,2971.0
2018-03-26 15:00,,4.5,2420,4.5,4.28,4.3,,16000.0
2018-03-27 10:30,,4.6,2420,4.67,4.51,4.67,,12944.0
2018-03-27 11:30,,4.61,2420,4.64,4.58,4.59,,4721.0
2018-03-27 14:00,,4.6,2420,4.63,4.58,4.61,,7285.0
2018-03-27 15:00,,4.69,2420,4.72,4.6,4.6,,20216.0
2018-03-28 10:30,,4.69,2420,4.7,4.6,4.6,,7766.0
2018-03-28 11:30,,4.64,2420,4.69,4.62,4.69,,7887.0
2018-03-28 14:00,,4.7,2420,4.74,4.64,4.64,,7194.0
2018-03-28 15:00,,4.77,2420,4.8,4.69,4.7,,16975.0
2018-03-29 10:30,,4.8,2420,4.81,4.71,4.75,,7821.0
2018-03-29 11:30,,4.8,2420,4.82,4.74,4.8,,9971.0
2018-03-29 14:00,,4.83,2420,4.98,4.8,4.8,,80442.0
2018-03-29 15:00,,4.79,2420,4.85,4.76,4.83,,26430.0
2018-03-30 10:30,,4.71,2420,4.77,4.67,4.71,,38070.0
2018-03-30 11:30,,4.71,2420,4.74,4.7,4.72,,7255.0
2018-03-30 14:00,,4.68,2420,4.72,4.68,4.71,,9827.0
2018-03-30 15:00,,4.7,2420,4.7,4.67,4.68,,11289.0
2018-04-02 10:30,,4.76,2420,4.83,4.73,4.83,,24037.0
2018-04-02 11:30,,4.76,2420,4.79,4.75,4.76,,2870.0
2018-04-02 14:00,,4.77,2420,4.77,4.74,4.76,,4452.0
2018-04-02 15:00,,4.72,2420,4.77,4.69,4.77,,7574.0
2018-04-03 10:30,,4.67,2420,4.7,4.63,4.7,,11363.0
2018-04-03 11:30,,4.66,2420,4.69,4.64,4.67,,3592.0
2018-04-03 14:00,,4.62,2420,4.68,4.62,4.66,,4961.0
2018-04-03 15:00,,4.64,2420,4.66,4.6,4.62,,5206.0
2018-04-04 10:30,,4.67,2420,4.72,4.65,4.65,,7394.0
2018-04-04 11:30,,4.69,2420,4.72,4.67,4.67,,4189.0
2018-04-04 14:00,,4.66,2420,4.7,4.65,4.69,,2498.0
2018-04-04 15:00,,4.67,2420,4.72,4.63,4.66,,6206.0
2018-04-09 10:30,,4.63,2420,4.68,4.6,4.66,,10039.0
2018-04-09 11:30,,4.64,2420,4.66,4.6,4.63,,2146.0
2018-04-09 14:00,,4.64,2420,4.67,4.63,4.64,,5091.0
2018-04-09 15:00,,4.61,2420,4.66,4.6,4.64,,4389.0
2018-04-10 10:30,,4.62,2420,4.64,4.58,4.61,,6968.0
2018-04-10 11:30,,4.6,2420,4.64,4.59,4.62,,3341.0
2018-04-10 14:00,,4.58,2420,4.6,4.53,4.6,,5315.0
2018-04-10 15:00,,4.63,2420,4.64,4.58,4.58,,11165.0
2018-04-11 10:30,,4.64,2420,4.66,4.62,4.65,,4439.0
2018-04-11 11:30,,4.65,2420,4.65,4.61,4.64,,3305.0
2018-04-11 14:00,,4.63,2420,4.65,4.63,4.65,,3225.0
2018-04-11 15:00,,4.65,2420,4.65,4.63,4.63,,3290.0
2018-04-12 10:30,,4.66,2420,4.68,4.59,4.65,,9017.0
2018-04-12 11:30,,4.66,2420,4.68,4.65,4.66,,2595.0
2018-04-12 14:00,,4.64,2420,4.68,4.62,4.66,,2273.0
2018-04-12 15:00,,4.66,2420,4.66,4.6,4.64,,3930.0
2018-04-13 10:30,,4.63,2420,4.69,4.63,4.65,,3803.0
2018-04-13 11:30,,4.6,2420,4.64,4.6,4.63,,5124.0
2018-04-13 14:00,,4.61,2420,4.64,4.6,4.6,,6778.0
2018-04-13 15:00,,4.58,2420,4.62,4.58,4.61,,2492.0
2018-04-16 10:30,,4.49,2420,4.58,4.48,4.58,,10649.0
2018-04-16 11:30,,4.5,2420,4.53,4.45,4.49,,7566.0
2018-04-16 14:00,,4.47,2420,4.5,4.41,4.5,,6197.0
2018-04-16 15:00,,4.44,2420,4.49,4.44,4.47,,5861.0
2018-04-17 10:30,,4.5,2420,4.5,4.44,4.44,,5475.0
2018-04-17 11:30,,4.48,2420,4.5,4.45,4.5,,1815.0
2018-04-17 14:00,,4.41,2420,4.48,4.4,4.48,,4689.0
2018-04-17 15:00,,4.37,2420,4.44,4.37,4.41,,5184.0
2018-04-18 10:30,,4.48,2420,4.54,4.42,4.42,,18967.0
2018-04-18 11:30,,4.45,2420,4.48,4.44,4.48,,3426.0
2018-04-18 14:00,,4.49,2420,4.51,4.44,4.45,,2642.0
2018-04-18 15:00,,4.51,2420,4.52,4.48,4.49,,8709.0
2018-04-19 10:30,,4.59,2420,4.64,4.52,4.56,,16711.0
2018-04-19 11:30,,4.6,2420,4.61,4.56,4.59,,5891.0
2018-04-19 14:00,,4.68,2420,4.68,4.54,4.6,,14036.0
2018-04-19 15:00,,4.68,2420,4.8,4.66,4.68,,20791.0
2018-04-20 10:30,,4.64,2420,4.72,4.59,4.61,,18253.0
2018-04-20 11:30,,4.59,2420,4.67,4.55,4.64,,9762.0
2018-04-20 14:00,,4.58,2420,4.62,4.55,4.59,,7171.0
2018-04-20 15:00,,4.5,2420,4.58,4.5,4.58,,7900.0
2018-04-23 10:30,,4.5,2420,4.53,4.39,4.5,,6649.0
2018-04-23 11:30,,4.49,2420,4.51,4.46,4.5,,6001.0
2018-04-23 14:00,,4.46,2420,4.5,4.43,4.49,,4316.0
2018-04-23 15:00,,4.44,2420,4.47,4.4,4.46,,5568.0
2018-04-24 10:30,,4.6,2420,4.62,4.4,4.47,,18133.0
2018-04-24 11:30,,4.65,2420,4.75,4.57,4.6,,14337.0
2018-04-24 14:00,,4.62,2420,4.65,4.61,4.65,,7068.0
2018-04-24 15:00,,4.61,2420,4.64,4.61,4.62,,6921.0
2018-04-25 10:30,,4.66,2420,4.71,4.6,4.63,,11716.0
2018-04-25 11:30,,4.67,2420,4.69,4.63,4.66,,7829.0
2018-04-25 14:00,,4.74,2420,4.77,4.65,4.67,,19630.0
2018-04-25 15:00,,4.77,2420,4.93,4.71,4.74,,37546.0
2018-04-26 10:30,,4.86,2420,4.92,4.76,4.76,,38431.0
2018-04-26 11:30,,4.86,2420,4.88,4.84,4.86,,7124.0
2018-04-26 14:00,,4.88,2420,4.9,4.84,4.86,,9985.0
2018-04-26 15:00,,4.76,2420,4.89,4.76,4.88,,18099.0
2018-04-27 10:30,,4.86,2420,4.88,4.72,4.8,,14344.0
2018-04-27 11:30,,4.82,2420,4.89,4.8,4.86,,8622.0
2018-04-27 14:00,,4.83,2420,4.85,4.8,4.82,,3652.0
2018-04-27 15:00,,4.84,2420,4.86,4.83,4.83,,9070.0
2018-05-02 10:30,,4.8,2420,4.89,4.78,4.88,,13825.0
2018-05-02 11:30,,4.73,2420,4.83,4.71,4.8,,8098.0
2018-05-02 14:00,,4.77,2420,4.78,4.72,4.73,,4054.0
2018-05-02 15:00,,4.71,2420,4.77,4.71,4.77,,6257.0
2018-05-03 10:30,,4.78,2420,4.84,4.71,4.71,,12796.0
2018-05-03 11:30,,4.8,2420,4.82,4.72,4.78,,6183.0
2018-05-03 14:00,,4.97,2420,5.04,4.78,4.8,,43047.0
2018-05-03 15:00,,5.03,2420,5.12,4.95,4.97,,36177.0
2018-05-04 10:30,,4.93,2420,5.0,4.89,4.99,,23653.0
2018-05-04 11:30,,4.9,2420,4.96,4.88,4.93,,7407.0
2018-05-04 14:00,,4.91,2420,4.94,4.88,4.9,,9593.0
2018-05-04 15:00,,4.84,2420,4.91,4.83,4.91,,19051.0
2018-05-07 10:30,,4.84,2420,4.89,4.8,4.82,,17473.0
2018-05-07 11:30,,4.85,2420,4.87,4.8,4.84,,16224.0
2018-05-07 14:00,,4.82,2420,4.87,4.8,4.85,,9069.0
2018-05-07 15:00,,4.82,2420,4.85,4.81,4.82,,9330.0
2018-05-08 10:30,,4.87,2420,4.88,4.8,4.82,,14613.0
2018-05-08 11:30,,4.83,2420,4.87,4.79,4.87,,15062.0
2018-05-08 14:00,,4.84,2420,4.85,4.82,4.83,,4578.0
2018-05-08 15:00,,4.85,2420,4.85,4.83,4.84,,5095.0
2018-05-09 10:30,,4.87,2420,4.89,4.82,4.84,,12640.0
2018-05-09 11:30,,4.87,2420,4.88,4.85,4.87,,3439.0
2018-05-09 14:00,,4.9,2420,4.9,4.85,4.87,,5930.0
2018-05-09 15:00,,4.92,2420,4.92,4.87,4.9,,17107.0
2018-05-10 10:30,,4.9,2420,4.91,4.87,4.91,,8589.0
2018-05-10 11:30,,4.87,2420,4.91,4.85,4.9,,4383.0
2018-05-10 14:00,,4.88,2420,4.89,4.85,4.87,,4076.0
2018-05-10 15:00,,4.9,2420,4.9,4.87,4.88,,5868.0
2018-05-11 10:30,,4.88,2420,4.9,4.83,4.89,,9617.0
2018-05-11 11:30,,4.99,2420,5.12,4.85,4.88,,38423.0
2018-05-11 14:00,,4.95,2420,4.99,4.93,4.99,,6342.0
2018-05-11 15:00,,4.91,2420,4.96,4.91,4.95,,5501.0
2018-05-14 10:30,,4.8,2420,4.87,4.78,4.87,,12478.0
2018-05-14 11:30,,4.9,2420,4.9,4.8,4.8,,5590.0
2018-05-14 14:00,,4.82,2420,4.9,4.82,4.9,,2417.0
2018-05-14 15:00,,4.79,2420,4.85,4.79,4.82,,11990.0
2018-05-15 10:30,,4.8,2420,4.81,4.75,4.79,,4046.0
2018-05-15 11:30,,4.78,2420,4.82,4.77,4.8,,3340.0
2018-05-15 14:00,,4.78,2420,4.8,4.75,4.78,,3167.0
2018-05-15 15:00,,4.84,2420,4.84,4.78,4.78,,4069.0
2018-05-16 10:30,,4.8,2420,4.83,4.78,4.83,,4392.0
2018-05-16 11:30,,4.78,2420,4.81,4.77,4.8,,3973.0
2018-05-16 14:00,,4.8,2420,4.83,4.78,4.78,,4511.0
2018-05-16 15:00,,4.79,2420,4.81,4.76,4.8,,5592.0
2018-05-17 10:30,,4.76,2420,4.8,4.75,4.8,,3875.0
2018-05-17 11:30,,4.78,2420,4.78,4.75,4.76,,3085.0
2018-05-17 14:00,,4.75,2420,4.79,4.75,4.78,,1408.0
2018-05-17 15:00,,4.74,2420,4.77,4.72,4.75,,8363.0
2018-05-18 10:30,,4.72,2420,4.76,4.7,4.73,,5954.0
2018-05-18 11:30,,4.74,2420,4.78,4.72,4.72,,5568.0
2018-05-18 14:00,,4.75,2420,4.75,4.73,4.74,,1587.0
2018-05-18 15:00,,4.8,2420,4.81,4.75,4.75,,6735.0
2018-05-21 10:30,,4.86,2420,4.88,4.8,4.82,,9210.0
2018-05-21 11:30,,4.83,2420,4.87,4.83,4.86,,3849.0
2018-05-21 14:00,,4.85,2420,4.88,4.83,4.83,,4926.0
2018-05-21 15:00,,4.86,2420,4.86,4.84,4.85,,3085.0
2018-05-22 10:30,,4.83,2420,4.86,4.81,4.85,,3964.0
2018-05-22 11:30,,4.83,2420,4.84,4.82,4.83,,2381.0
2018-05-22 14:00,,4.82,2420,4.86,4.82,4.83,,4199.0
2018-05-22 15:00,,4.86,2420,4.86,4.82,4.82,,5863.0
2018-05-23 10:30,,4.86,2420,4.86,4.81,4.86,,6301.0
2018-05-23 11:30,,4.83,2420,4.86,4.83,4.86,,3256.0
2018-05-23 14:00,,4.81,2420,4.83,4.8,4.83,,3496.0
2018-05-23 15:00,,4.78,2420,4.82,4.77,4.81,,4724.0
2018-05-24 10:30,,4.76,2420,4.82,4.74,4.82,,5474.0
2018-05-24 11:30,,4.78,2420,4.79,4.74,4.77,,3768.0
2018-05-24 14:00,,4.76,2420,4.78,4.75,4.78,,2411.0
2018-05-24 15:00,,4.76,2420,4.77,4.74,4.76,,3985.0
2018-05-25 10:30,,4.73,2420,4.77,4.73,4.74,,2555.0
2018-05-25 11:30,,4.76,2420,4.76,4.71,4.73,,5507.0
2018-05-25 14:00,,4.75,2420,4.76,4.73,4.76,,1714.0
2018-05-25 15:00,,4.7,2420,4.75,4.7,4.75,,4777.0
2018-05-28 10:30,,4.64,2420,4.74,4.56,4.71,,7532.0
2018-05-28 11:30,,4.64,2420,4.67,4.63,4.64,,1855.0
2018-05-28 14:00,,4.62,2420,4.65,4.62,4.64,,2429.0
2018-05-28 15:00,,4.61,2420,4.64,4.6,4.62,,3279.0
2018-05-29 10:30,,4.62,2420,4.64,4.59,4.61,,2765.0
2018-05-29 11:30,,4.62,2420,4.63,4.61,4.62,,1837.0
2018-05-29 14:00,,4.6,2420,4.62,4.59,4.62,,2080.0
2018-05-29 15:00,,4.56,2420,4.61,4.56,4.6,,3716.0
2018-05-30 10:30,,4.46,2420,4.56,4.4,4.53,,7119.0
2018-05-30 11:30,,4.44,2420,4.47,4.4,4.46,,4377.0
2018-05-30 14:00,,4.47,2420,4.47,4.41,4.44,,1471.0
2018-05-30 15:00,,4.31,2420,4.47,4.29,4.47,,6738.0
2018-05-31 10:30,,4.34,2420,4.41,4.32,4.32,,8369.0
2018-05-31 11:30,,4.39,2420,4.41,4.3,4.34,,3075.0
2018-05-31 14:00,,4.4,2420,4.41,4.37,4.39,,3162.0
2018-05-31 15:00,,4.38,2420,4.4,4.37,4.4,,2465.0
2018-06-01 10:30,,4.47,2420,4.49,4.34,4.35,,6262.0
2018-06-01 11:30,,4.45,2420,4.49,4.44,4.47,,2726.0
2018-06-01 14:00,,4.41,2420,4.45,4.4,4.45,,1966.0
2018-06-01 15:00,,4.39,2420,4.41,4.37,4.41,,2526.0
2018-06-04 10:30,,4.4,2420,4.48,4.39,4.48,,3330.0
2018-06-04 11:30,,4.42,2420,4.43,4.39,4.4,,1492.0
2018-06-04 14:00,,4.43,2420,4.43,4.4,4.42,,1268.0
2018-06-04 15:00,,4.4,2420,4.43,4.4,4.43,,3242.0
2018-06-05 10:30,,4.4,2420,4.44,4.38,4.4,,6014.0
2018-06-05 11:30,,4.41,2420,4.42,4.38,4.4,,2864.0
2018-06-05 14:00,,4.45,2420,4.46,4.41,4.41,,2651.0
2018-06-05 15:00,,4.44,2420,4.45,4.42,4.45,,2881.0
2018-06-06 10:30,,4.47,2420,4.48,4.45,4.45,,3976.0
2018-06-06 11:30,,4.48,2420,4.49,4.45,4.47,,3325.0
2018-06-06 14:00,,4.47,2420,4.49,4.44,4.48,,2199.0
2018-06-06 15:00,,4.48,2420,4.49,4.46,4.47,,2398.0
2018-06-07 10:30,,4.49,2420,4.53,4.46,4.48,,3242.0
2018-06-07 11:30,,4.44,2420,4.49,4.43,4.49,,2476.0
2018-06-07 14:00,,4.41,2420,4.45,4.37,4.44,,6509.0
2018-06-07 15:00,,4.36,2420,4.41,4.33,4.41,,10114.0
2018-06-08 10:30,,4.31,2420,4.39,4.23,4.39,,10274.0
2018-06-08 11:30,,4.29,2420,4.32,4.25,4.31,,5335.0
2018-06-08 14:00,,4.28,2420,4.29,4.24,4.29,,1996.0
2018-06-08 15:00,,4.31,2420,4.33,4.27,4.28,,3706.0
2018-06-11 10:30,,4.32,2420,4.33,4.26,4.28,,3918.0
2018-06-11 11:30,,4.33,2420,4.33,4.29,4.32,,1053.0
2018-06-11 14:00,,4.33,2420,4.35,4.31,4.33,,1232.0
2018-06-11 15:00,,4.32,2420,4.33,4.29,4.33,,2706.0
2018-06-12 10:30,,4.24,2420,4.33,4.22,4.27,,7732.0
2018-06-12 11:30,,4.27,2420,4.27,4.23,4.24,,2088.0
2018-06-12 14:00,,4.29,2420,4.31,4.25,4.27,,1742.0
2018-06-12 15:00,,4.32,2420,4.33,4.29,4.29,,2440.0
2018-06-13 10:30,,4.3,2420,4.32,4.26,4.28,,2528.0
2018-06-13 11:30,,4.28,2420,4.32,4.28,4.3,,1353.0
2018-06-13 14:00,,4.28,2420,4.3,4.26,4.28,,1682.0
2018-06-13 15:00,,4.2,2420,4.3,4.2,4.28,,5003.0
2018-06-14 10:30,,4.25,2420,4.3,4.18,4.21,,2621.0
2018-06-14 11:30,,4.23,2420,4.27,4.22,4.25,,1072.0
2018-06-14 14:00,,4.22,2420,4.25,4.19,4.23,,2097.0
2018-06-14 15:00,,4.21,2420,4.23,4.2,4.22,,2112.0
2018-06-15 10:30,,4.24,2420,4.26,4.21,4.22,,2284.0
2018-06-15 11:30,,4.08,2420,4.24,4.04,4.24,,6477.0
2018-06-15 14:00,,4.19,2420,4.23,4.04,4.08,,9526.0
2018-06-15 15:00,,4.21,2420,4.24,4.15,4.19,,4120.0
2018-06-19 10:30,,4.06,2420,4.15,4.03,4.15,,6082.0
2018-06-19 11:30,,3.95,2420,4.1,3.95,4.06,,5676.0
2018-06-19 14:00,,3.95,2420,3.99,3.91,3.95,,3666.0
2018-06-19 15:00,,3.86,2420,3.95,3.79,3.95,,12391.0
2018-06-20 10:30,,3.89,2420,3.91,3.82,3.86,,8389.0
2018-06-20 11:30,,3.88,2420,3.92,3.84,3.89,,3659.0
2018-06-20 14:00,,3.94,2420,3.94,3.88,3.88,,2772.0
2018-06-20 15:00,,3.91,2420,3.95,3.91,3.94,,3051.0
2018-06-21 10:30,,3.93,2420,3.95,3.91,3.95,,2761.0
2018-06-21 11:30,,3.89,2420,3.94,3.89,3.93,,3650.0
2018-06-21 14:00,,3.86,2420,3.89,3.83,3.89,,2945.0
2018-06-21 15:00,,3.76,2420,3.86,3.76,3.86,,6965.0
2018-06-22 10:30,,3.8,2420,3.83,3.7,3.76,,4774.0
2018-06-22 11:30,,3.85,2420,3.86,3.79,3.8,,2056.0
2018-06-22 14:00,,3.82,2420,3.85,3.81,3.85,,1081.0
2018-06-22 15:00,,3.85,2420,3.85,3.82,3.82,,3540.0
2018-06-25 10:30,,3.9,2420,3.95,3.86,3.86,,6914.0
2018-06-25 11:30,,3.91,2420,3.92,3.89,3.9,,1653.0
2018-06-25 14:00,,3.88,2420,3.92,3.86,3.91,,2813.0
2018-06-25 15:00,,3.88,2420,3.9,3.87,3.88,,2915.0
2018-06-26 10:30,,3.91,2420,3.92,3.83,3.85,,4343.0
2018-06-26 11:30,,3.94,2420,3.96,3.9,3.91,,2543.0
2018-06-26 14:00,,3.95,2420,3.96,3.93,3.94,,1766.0
2018-06-26 15:00,,4.14,2420,4.14,3.92,3.95,,14135.0
2018-06-27 10:30,,4.06,2420,4.13,4.03,4.1,,9684.0
2018-06-27 11:30,,4.03,2420,4.09,4.03,4.06,,4300.0
2018-06-27 14:00,,4.03,2420,4.05,4.02,4.03,,1948.0
2018-06-27 15:00,,4.03,2420,4.06,4.0,4.03,,4935.0
2018-06-28 10:30,,4.06,2420,4.09,3.99,4.03,,7370.0
2018-06-28 11:30,,4.04,2420,4.06,4.02,4.06,,1990.0
2018-06-28 14:00,,4.02,2420,4.05,4.01,4.04,,1238.0
2018-06-28 15:00,,4.0,2420,4.05,4.0,4.02,,2484.0
2018-06-29 10:30,,4.05,2420,4.07,4.02,4.02,,2491.0
2018-06-29 11:30,,4.06,2420,4.07,4.03,4.05,,3978.0
2018-06-29 14:00,,4.1,2420,4.1,4.05,4.06,,4345.0
2018-06-29 15:00,,4.11,2420,4.11,4.07,4.1,,3451.0
2018-07-02 10:30,,4.07,2420,4.11,4.06,4.11,,3649.0
2018-07-02 11:30,,4.07,2420,4.09,4.05,4.07,,2163.0
2018-07-02 14:00,,4.09,2420,4.12,4.06,4.07,,3033.0
2018-07-02 15:00,,4.06,2420,4.11,4.03,4.09,,6031.0
2018-07-03 10:30,,4.07,2420,4.12,4.03,4.06,,7961.0
2018-07-03 11:30,,4.09,2420,4.1,4.05,4.07,,3332.0
2018-07-03 14:00,,4.11,2420,4.11,4.07,4.09,,1714.0
2018-07-03 15:00,,4.12,2420,4.12,4.08,4.11,,3334.0
2018-07-04 10:30,,4.07,2420,4.12,4.06,4.12,,2689.0
2018-07-04 11:30,,4.07,2420,4.09,4.06,4.07,,1419.0
2018-07-04 14:00,,4.07,2420,4.11,4.07,4.07,,1705.0
2018-07-04 15:00,,4.08,2420,4.08,4.03,4.07,,3710.0
2018-07-05 10:30,,3.99,2420,4.1,3.94,4.07,,5869.0
2018-07-05 11:30,,3.97,2420,4.01,3.96,3.99,,3622.0
2018-07-05 14:00,,3.95,2420,4.0,3.94,3.97,,1536.0
2018-07-05 14:00,{},3.95,2420,4.0,3.94,3.97,3.8304,1536.0
2018-07-05 15:00,,3.94,2420,3.96,3.91,3.95,,4122.0
2018-07-05 15:00,{},3.94,2420,3.96,3.91,3.95,10.2793,4122.0
2018-07-06 10:30,,3.94,2420,4.03,3.93,3.94,,4988.0
2018-07-06 10:30,{},3.94,2420,4.03,3.93,3.94,12.4389,4988.0
2018-07-06 11:30,{},3.92,2420,3.96,3.85,3.94,5.5162,2212.0
2018-07-06 11:30,,3.92,2420,3.96,3.85,3.94,,2212.0
2018-07-06 14:00,{},3.98,2420,4.0,3.92,3.92,8.6983,3488.0
2018-07-06 14:00,,3.98,2420,4.0,3.92,3.92,,3488.0
2018-07-06 15:00,{},3.94,2420,3.99,3.94,3.98,4.3117,1729.0
2018-07-06 15:00,,3.94,2420,3.99,3.94,3.98,,1729.0
2018-07-09 10:30,{},3.98,2420,3.99,3.91,3.95,12.3042,4934.0
2018-07-09 10:30,,3.98,2420,3.99,3.91,3.95,,4934.0
2018-07-09 11:30,,3.98,2420,3.99,3.97,3.98,,883.0
2018-07-09 11:30,{},3.98,2420,3.99,3.97,3.98,2.202,883.0
2018-07-09 14:00,{},3.99,2420,4.0,3.98,3.98,2.3965,961.0
2018-07-09 14:00,,3.99,2420,4.0,3.98,3.98,,961.0
2018-07-09 15:00,{},4.03,2420,4.03,3.98,3.99,7.808,3131.0
2018-07-09 15:00,,4.03,2420,4.03,3.98,3.99,,3131.0
2018-07-10 10:30,{},4.01,2420,4.05,3.99,4.03,10.2793,4122.0
2018-07-10 10:30,,4.01,2420,4.05,3.99,4.03,,4122.0
2018-07-10 11:30,,4.0,2420,4.03,4.0,4.01,,1860.0
2018-07-10 11:30,{},4.0,2420,4.03,4.0,4.01,4.6384,1860.0
2018-07-10 14:00,{},4.0,2420,4.02,3.98,4.0,3.2119999999999997,1288.0
2018-07-10 14:00,,4.0,2420,4.02,3.98,4.0,,1288.0
2018-07-10 15:00,,4.01,2420,4.01,3.97,4.0,,2589.0
2018-07-10 15:00,{},4.01,2420,4.01,3.97,4.0,6.4564,2589.0
2018-07-11 10:30,{},3.94,2420,3.99,3.91,3.95,6.4414,2583.0
2018-07-11 10:30,,3.94,2420,3.99,3.91,3.95,,2583.0
2018-07-11 11:30,,3.94,2420,3.96,3.93,3.94,,1589.0
2018-07-11 11:30,{},3.94,2420,3.96,3.93,3.94,3.9626,1589.0
2018-07-11 14:00,{},3.86,2420,3.94,3.86,3.94,9.2294,3701.0
2018-07-11 14:00,,3.86,2420,3.94,3.86,3.94,,3701.0
2018-07-11 15:00,,3.9,2420,3.92,3.85,3.86,,2282.0
2018-07-11 15:00,{},3.9,2420,3.92,3.85,3.86,5.6908,2282.0
2018-07-12 10:30,,3.97,2420,3.98,3.86,3.89,,5778.0
2018-07-12 10:30,{},3.97,2420,3.98,3.86,3.89,14.409,5778.0
2018-07-12 11:30,{},4.01,2420,4.01,3.95,3.97,9.4339,3783.0
2018-07-12 11:30,,4.01,2420,4.01,3.95,3.97,,3783.0
2018-07-12 14:00,{},4.0,2420,4.03,4.0,4.01,9.8628,3955.0
2018-07-12 14:00,,4.0,2420,4.03,4.0,4.01,,3955.0
2018-07-12 15:00,,4.01,2420,4.02,3.99,4.0,,4834.0
2018-07-12 15:00,{},4.01,2420,4.02,3.99,4.0,12.0549,4834.0
2018-07-13 10:30,{},3.99,2420,4.02,3.98,4.0,3.995,1602.0
2018-07-13 10:30,,3.99,2420,4.02,3.98,4.0,,1602.0
2018-07-13 11:30,{},4.0,2420,4.01,3.98,3.99,4.2818,1717.0
2018-07-13 11:30,,4.0,2420,4.01,3.98,3.99,,1717.0
2018-07-13 14:00,{},4.0,2420,4.02,4.0,4.0,1.9451,780.0
2018-07-13 14:00,,4.0,2420,4.02,4.0,4.0,,780.0
2018-07-13 15:00,,4.04,2420,4.07,4.0,4.0,,4434.0
2018-07-13 15:00,{},4.04,2420,4.07,4.0,4.0,11.0574,4434.0
2018-07-16 10:30,,3.97,2420,4.03,3.95,3.99,,9870.0
2018-07-16 10:30,{},3.97,2420,4.03,3.95,3.99,24.6135,9870.0
2018-07-16 11:30,,3.98,2420,3.98,3.93,3.97,,4232.0
2018-07-16 11:30,{},3.98,2420,3.98,3.93,3.97,10.5536,4232.0
2018-07-16 14:00,,3.99,2420,3.99,3.96,3.98,,2334.0
2018-07-16 14:00,{},3.99,2420,3.99,3.96,3.98,5.8204,2334.0
2018-07-16 15:00,,3.98,2420,3.99,3.94,3.99,,3520.0
2018-07-16 15:00,{},3.98,2420,3.99,3.94,3.99,8.7781,3520.0
2018-07-17 10:30,,3.96,2420,3.98,3.94,3.96,,2970.0
2018-07-17 10:30,{},3.96,2420,3.98,3.94,3.96,7.4065,2970.0
2018-07-17 11:30,,3.99,2420,3.99,3.95,3.96,,1857.0
2018-07-17 11:30,{},3.99,2420,3.99,3.95,3.96,4.6309,1857.0
2018-07-17 14:00,,4.0,2420,4.02,3.99,3.99,,5392.0
2018-07-17 14:00,{},4.0,2420,4.02,3.99,3.99,13.4464,5392.0
2018-07-17 15:00,{},4.0,2420,4.01,3.98,4.0,5.5012,2206.0
2018-07-17 15:00,,4.0,2420,4.01,3.98,4.0,,2206.0
2018-07-18 10:30,,4.01,2420,4.04,3.99,4.0,,4731.0
2018-07-18 10:30,{},4.01,2420,4.04,3.99,4.0,11.798,4731.0
2018-07-18 11:30,,4.01,2420,4.03,4.0,4.01,,2110.0
2018-07-18 11:30,{},4.01,2420,4.03,4.0,4.01,5.2618,2110.0
2018-07-18 14:00,{},3.99,2420,4.03,3.98,4.01,14.6459,5873.0
2018-07-18 14:00,,3.99,2420,4.03,3.98,4.01,,5873.0
2018-07-18 15:00,,3.98,2420,4.0,3.96,3.99,,3109.0
2018-07-18 15:00,{},3.98,2420,4.0,3.96,3.99,7.7531,3109.0
2018-07-19 10:30,{},3.97,2420,3.99,3.94,3.97,9.9077,3973.0
2018-07-19 10:30,,3.97,2420,3.99,3.94,3.97,,3973.0
2018-07-19 11:30,,3.94,2420,3.97,3.93,3.97,,1477.0
2018-07-19 11:30,{},3.94,2420,3.97,3.93,3.97,3.6833,1477.0
2018-07-19 14:00,,3.95,2420,3.95,3.92,3.94,,1317.0
2018-07-19 14:00,{},3.95,2420,3.95,3.92,3.94,3.2843,1317.0
2018-07-19 15:00,,3.9,2420,3.95,3.9,3.95,,3299.0
2018-07-19 15:00,{},3.9,2420,3.95,3.9,3.95,8.2269,3299.0
2018-07-20 10:30,,3.94,2420,3.94,3.9,3.91,,3080.0
2018-07-20 10:30,{},3.94,2420,3.94,3.9,3.91,7.6808,3080.0
2018-07-20 11:30,,3.94,2420,3.96,3.93,3.94,,1051.0
2018-07-20 11:30,{},3.94,2420,3.96,3.93,3.94,2.6209,1051.0
2018-07-20 14:00,,3.99,2420,4.02,3.93,3.94,,6949.0
2018-07-20 14:00,{},3.99,2420,4.02,3.93,3.94,17.3292,6949.0
2018-07-20 15:00,{},3.99,2420,4.03,3.99,3.99,9.0823,3642.0
2018-07-20 15:00,,3.99,2420,4.03,3.99,3.99,,3642.0
2018-07-23 10:30,,4.02,2420,4.03,3.96,3.99,,3639.0
2018-07-23 10:30,{},4.02,2420,4.03,3.96,3.99,9.0748,3639.0
2018-07-23 11:30,,4.01,2420,4.03,4.0,4.02,,995.0
2018-07-23 11:30,{},4.01,2420,4.03,4.0,4.02,2.4813,995.0
2018-07-23 14:00,{},4.11,2420,4.14,3.98,4.01,35.2045,14117.0
2018-07-23 14:00,,4.11,2420,4.14,3.98,4.01,,14117.0
2018-07-23 15:00,{},4.09,2420,4.11,4.07,4.11,12.3441,4950.0
2018-07-23 15:00,,4.09,2420,4.11,4.07,4.11,,4950.0
2018-07-24 10:30,{},4.13,2420,4.13,4.02,4.06,26.8155,10753.0
2018-07-24 10:30,,4.13,2420,4.13,4.02,4.06,,10753.0
2018-07-24 11:30,{},4.13,2420,4.13,4.1,4.13,11.8304,4744.0
2018-07-24 11:30,,4.13,2420,4.13,4.1,4.13,,4744.0
2018-07-24 14:00,{},4.14,2420,4.15,4.11,4.13,8.8404,3545.0
2018-07-24 14:00,,4.14,2420,4.15,4.11,4.13,,3545.0
2018-07-24 15:00,{},4.14,2420,4.16,4.12,4.14,16.2244,6506.0
2018-07-24 15:00,,4.14,2420,4.16,4.12,4.14,,6506.0
2018-07-25 10:30,,4.09,2420,4.18,4.09,4.18,,5848.0
2018-07-25 10:30,{},4.09,2420,4.18,4.09,4.18,14.5835,5848.0
2018-07-25 11:30,{},4.13,2420,4.13,4.09,4.09,8.3367,3343.0
2018-07-25 11:30,,4.13,2420,4.13,4.09,4.09,,3343.0
2018-07-25 14:00,,4.13,2420,4.14,4.11,4.13,,1768.0
2018-07-25 14:00,{},4.13,2420,4.14,4.11,4.13,4.409,1768.0
2018-07-25 15:00,,4.13,2420,4.13,4.11,4.13,,2529.0
2018-07-25 15:00,{},4.13,2420,4.13,4.11,4.13,6.3067,2529.0
2018-07-26 10:30,,4.22,2420,4.23,4.07,4.15,,16337.0
2018-07-26 10:30,{},4.22,2420,4.23,4.07,4.15,40.7406,16337.0
2018-07-26 11:30,{},4.2,2420,4.24,4.19,4.22,15.9152,6382.0
2018-07-26 11:30,,4.2,2420,4.24,4.19,4.22,,6382.0
2018-07-26 14:00,,4.25,2420,4.27,4.2,4.2,,11377.0
2018-07-26 14:00,{},4.25,2420,4.27,4.2,4.2,28.3716,11377.0
2018-07-26 15:00,,4.22,2420,4.25,4.22,4.25,,5089.0
2018-07-26 15:00,{},4.22,2420,4.25,4.22,4.25,12.6908,5089.0
2018-07-27 10:30,{},4.21,2420,4.26,4.17,4.26,14.409,5778.0
2018-07-27 10:30,,4.21,2420,4.26,4.17,4.26,,5778.0
2018-07-27 11:30,{},4.24,2420,4.24,4.18,4.21,10.1197,4058.0
2018-07-27 11:30,,4.24,2420,4.24,4.18,4.21,,4058.0
2018-07-27 14:00,{},4.23,2420,4.25,4.21,4.24,7.995,3206.0
2018-07-27 14:00,,4.23,2420,4.25,4.21,4.24,,3206.0
2018-07-27 15:00,{},4.32,2420,4.4,4.23,4.23,67.7556,27170.0
2018-07-27 15:00,,4.32,2420,4.4,4.23,4.23,,27170.0
2018-07-30 10:30,{},4.2,2420,4.34,4.16,4.29,30.5112,12235.0
2018-07-30 10:30,,4.2,2420,4.34,4.16,4.29,,12235.0
2018-07-30 11:30,,4.19,2420,4.2,4.15,4.2,,3935.0
2018-07-30 11:30,{},4.19,2420,4.2,4.15,4.2,9.812999999999999,3935.0
2018-07-30 14:00,,4.17,2420,4.19,4.15,4.19,,3690.0
2018-07-30 14:00,{},4.17,2420,4.19,4.15,4.19,9.202,3690.0
2018-07-30 15:00,,4.11,2420,4.17,4.07,4.17,,3313.0
2018-07-30 15:00,{},4.17,2420,4.17,4.11,4.17,11.2643,4517.0
2018-07-31 10:30,,4.16,2420,4.2,4.13,4.17,,3032.0
2018-07-31 10:30,{},4.16,2420,4.2,4.13,4.17,7.5611,3032.0
2018-07-31 11:30,{},4.18,2420,4.19,4.16,4.16,3.9401,1580.0
2018-07-31 11:30,,4.18,2420,4.19,4.16,4.16,,1580.0
2018-07-31 14:00,{},4.25,2420,4.28,4.17,4.18,17.6085,7061.0
2018-07-31 14:00,,4.25,2420,4.28,4.17,4.18,,7061.0
2018-07-31 15:00,,4.2,2420,4.25,4.2,4.25,,2460.0
2018-07-31 15:00,{},4.2,2420,4.25,4.2,4.25,6.1347,2460.0
2018-08-01 10:30,,4.21,2420,4.24,4.17,4.21,,3123.0
2018-08-01 10:30,{},4.21,2420,4.24,4.17,4.21,7.7879999999999985,3123.0
2018-08-01 11:30,{},4.17,2420,4.21,4.13,4.21,8.5835,3442.0
2018-08-01 11:30,,4.17,2420,4.21,4.13,4.21,,3442.0
2018-08-01 14:00,{},4.14,2420,4.17,4.13,4.17,4.3541,1746.0
2018-08-01 14:00,,4.14,2420,4.17,4.13,4.17,,1746.0
2018-08-01 15:00,{},4.12,2420,4.17,4.12,4.14,11.8928,4769.0
2018-08-01 15:00,,4.12,2420,4.17,4.12,4.14,,4769.0
2018-08-02 10:30,,4.06,2420,4.15,4.05,4.11,,5635.0
2018-08-02 10:30,{},4.06,2420,4.15,4.05,4.11,14.0524,5635.0
2018-08-02 11:30,,3.96,2420,4.07,3.91,4.06,,4949.0
2018-08-02 11:30,{},3.96,2420,4.07,3.91,4.06,12.3416,4949.0
2018-08-02 14:00,{},3.95,2420,3.97,3.9,3.96,12.611,5057.0
2018-08-02 14:00,{},3.95,2420,3.97,3.9,3.96,12.610999999999999,5057.0
2018-08-02 14:00,,3.95,2420,3.97,3.9,3.96,,5057.0
2018-08-02 15:00,,3.98,2420,3.99,3.94,3.95,,3574.0
2018-08-02 15:00,{},3.98,2420,3.99,3.94,3.95,8.9127,3574.0
2018-08-03 10:30,{},3.97,2420,4.02,3.94,4.0,18.1172,7265.0
2018-08-03 10:30,,3.97,2420,4.02,3.94,4.0,,7265.0
2018-08-03 11:30,{},4.0,2420,4.01,3.95,3.97,5.7057,2288.0
2018-08-03 11:30,,4.0,2420,4.01,3.95,3.97,,2288.0
2018-08-03 14:00,{},3.99,2420,4.01,3.97,4.0,4.6783,1876.0
2018-08-03 14:00,,3.99,2420,4.01,3.97,4.0,,1876.0
2018-08-03 15:00,,3.95,2420,4.02,3.95,3.99,,2756.0
2018-08-03 15:00,{},3.95,2420,4.02,3.95,3.99,6.8728,2756.0
2018-08-06 10:30,{},3.95,2420,3.99,3.89,3.95,10.2519,4111.0
2018-08-06 10:30,,3.95,2420,3.99,3.89,3.95,,4111.0
2018-08-06 11:30,,3.94,2420,4.0,3.93,3.95,,3545.0
2018-08-06 11:30,{},3.94,2420,4.0,3.93,3.95,8.8404,3545.0
2018-08-06 14:00,,3.92,2420,3.96,3.92,3.94,,1959.0
2018-08-06 14:00,{},3.92,2420,3.96,3.92,3.94,4.8853,1959.0
2018-08-06 15:00,,3.92,2420,3.97,3.9,3.92,,5034.0
2018-08-06 15:00,{},3.92,2420,3.97,3.9,3.92,12.5536,5034.0
2018-08-07 10:30,,3.95,2420,3.97,3.9,3.92,,3249.0
2018-08-07 10:30,{},3.95,2420,3.97,3.9,3.92,8.1022,3249.0
2018-08-07 11:30,,3.99,2420,3.99,3.94,3.95,,3317.0
2018-08-07 11:30,{},3.99,2420,3.99,3.94,3.95,8.2718,3317.0
2018-08-07 14:00,,4.01,2420,4.02,3.96,3.99,,5053.0
2018-08-07 14:00,{},4.01,2420,4.02,3.96,3.99,12.601,5053.0
2018-08-07 14:00,{},4.01,2420,4.02,3.96,3.99,12.600999999999999,5053.0
2018-08-07 15:00,,4.04,2420,4.04,4.01,4.01,,3308.0
2018-08-07 15:00,{},4.04,2420,4.04,4.01,4.01,8.2494,3308.0
2018-08-08 10:30,,4.06,2420,4.09,4.03,4.05,,4066.0
2018-08-08 10:30,{},4.06,2420,4.09,4.03,4.05,10.1397,4066.0
2018-08-08 11:30,{},4.06,2420,4.08,4.04,4.06,6.8479,2746.0
2018-08-08 11:30,,4.06,2420,4.08,4.04,4.06,,2746.0
2018-08-08 14:00,{},4.02,2420,4.06,4.02,4.06,4.99,2001.0
2018-08-08 14:00,,4.02,2420,4.06,4.02,4.06,,2001.0
2018-08-08 15:00,{},4.03,2420,4.04,3.99,4.02,9.404,3771.0
2018-08-08 15:00,,4.03,2420,4.04,3.99,4.02,,3771.0
2018-08-09 10:30,{},4.09,2420,4.11,4.03,4.03,7.6633,3073.0
2018-08-09 10:30,,4.09,2420,4.11,4.03,4.03,,3073.0
2018-08-09 11:30,{},4.12,2420,4.14,4.09,4.09,6.9227,2776.0
2018-08-09 11:30,,4.12,2420,4.14,4.09,4.09,,2776.0
2018-08-09 14:00,{},4.15,2420,4.17,4.11,4.12,7.0374,2822.0
2018-08-09 14:00,,4.15,2420,4.17,4.11,4.12,,2822.0
2018-08-09 15:00,{},4.18,2420,4.19,4.15,4.15,30.7007,12311.0
2018-08-09 15:00,,4.18,2420,4.19,4.15,4.15,,12311.0
2018-08-10 10:30,{},4.27,2420,4.34,4.2,4.2,78.8254,31609.0
2018-08-10 10:30,,4.27,2420,4.34,4.2,4.2,,31609.0
2018-08-10 11:30,{},4.22,2420,4.27,4.21,4.27,15.3242,6145.0
2018-08-10 11:30,,4.22,2420,4.27,4.21,4.27,,6145.0
2018-08-10 14:00,,4.21,2420,4.25,4.2,4.22,,5853.0
2018-08-10 14:00,{},4.21,2420,4.25,4.2,4.22,14.595999999999998,5853.0
2018-08-10 15:00,,4.27,2420,4.29,4.2,4.21,,25534.0
2018-08-10 15:00,{},4.27,2420,4.29,4.2,4.21,63.6758,25534.0
2018-08-13 10:30,{},4.15,2420,4.22,4.11,4.19,24.3766,9775.0
2018-08-13 10:30,,4.15,2420,4.22,4.11,4.19,,9775.0
2018-08-13 11:30,,4.12,2420,4.15,4.11,4.15,,3282.0
2018-08-13 11:30,{},4.12,2420,4.15,4.11,4.15,8.1845,3282.0
2018-08-13 14:00,{},4.19,2420,4.27,4.11,4.12,11.8878,4767.0
2018-08-13 14:00,,4.19,2420,4.27,4.11,4.12,,4767.0
2018-08-13 15:00,,4.27,2420,4.27,4.19,4.19,,7689.0
2018-08-13 15:00,{},4.27,2420,4.27,4.19,4.19,19.1746,7689.0
2018-08-14 10:30,,4.24,2420,4.27,4.22,4.22,,3774.0
2018-08-14 10:30,{},4.24,2420,4.27,4.22,4.22,9.4115,3774.0
2018-08-14 11:30,{},4.2,2420,4.25,4.2,4.24,7.3292,2939.0
2018-08-14 11:30,,4.2,2420,4.25,4.2,4.24,,2939.0
2018-08-14 14:00,{},4.18,2420,4.22,4.13,4.2,17.8703,7166.0
2018-08-14 14:00,,4.18,2420,4.22,4.13,4.2,,7166.0
2018-08-14 15:00,,4.13,2420,4.18,4.06,4.18,,18776.0
2018-08-14 15:00,{},4.13,2420,4.18,4.06,4.18,46.8229,18776.0
2018-08-15 10:30,,4.09,2420,4.12,4.07,4.12,,7821.0
2018-08-15 10:30,{},4.09,2420,4.12,4.07,4.12,19.5037,7821.0
2018-08-15 11:30,,4.06,2420,4.11,4.06,4.09,,3107.0
2018-08-15 11:30,{},4.06,2420,4.11,4.06,4.09,7.7481,3107.0
2018-08-15 14:00,{},4.05,2420,4.08,4.03,4.06,9.8304,3942.0
2018-08-15 14:00,,4.05,2420,4.08,4.03,4.06,,3942.0
2018-08-15 15:00,{},4.04,2420,4.06,4.04,4.05,10.803,4332.0
2018-08-15 15:00,{},4.04,2420,4.06,4.04,4.05,10.802999999999999,4332.0
2018-08-15 15:00,,4.04,2420,4.06,4.04,4.05,,4332.0
2018-08-16 10:30,{},4.02,2420,4.03,3.95,4.01,15.6958,6294.0
2018-08-16 10:30,,4.02,2420,4.03,3.95,4.01,,6294.0
2018-08-16 11:30,,4.01,2420,4.03,4.0,4.02,,1601.0
2018-08-16 11:30,{},4.01,2420,4.03,4.0,4.02,3.9925,1601.0
2018-08-16 14:00,{},4.04,2420,4.04,3.98,4.01,8.0324,3221.0
2018-08-16 14:00,,4.04,2420,4.04,3.98,4.01,,3221.0
2018-08-16 15:00,,4.0,2420,4.04,4.0,4.04,,3777.0
2018-08-16 15:00,{},4.0,2420,4.04,4.0,4.04,9.419,3777.0
2018-08-17 10:30,{},4.01,2420,4.05,4.01,4.04,5.9776,2397.0
2018-08-17 10:30,,4.01,2420,4.05,4.01,4.04,,2397.0
2018-08-17 11:30,{},3.99,2420,4.01,3.98,4.01,8.5212,3417.0
2018-08-17 11:30,,3.99,2420,4.01,3.98,4.01,,3417.0
2018-08-17 14:00,{},3.98,2420,3.99,3.95,3.99,11.1621,4476.0
2018-08-17 14:00,,3.98,2420,3.99,3.95,3.99,,4476.0
2018-08-17 15:00,,3.92,2420,3.98,3.9,3.98,,8399.0
2018-08-17 15:00,{},3.92,2420,3.98,3.9,3.98,20.9451,8399.0
2018-08-20 10:30,{},3.92,2420,3.97,3.9,3.91,10.2868,4125.0
2018-08-20 10:30,,3.92,2420,3.97,3.9,3.91,,4125.0
2018-08-20 11:30,{},3.9,2420,3.93,3.88,3.92,6.1446,2464.0
2018-08-20 11:30,,3.9,2420,3.93,3.88,3.92,,2464.0
2018-08-20 14:00,{},3.87,2420,3.91,3.85,3.9,9.1895,3685.0
2018-08-20 14:00,,3.87,2420,3.91,3.85,3.9,,3685.0
2018-08-20 15:00,{},3.88,2420,3.88,3.84,3.87,31.3666,12578.0
2018-08-20 15:00,,3.88,2420,3.88,3.84,3.87,,12578.0
2018-08-21 10:30,{},3.9,2420,3.91,3.87,3.9,13.202,5294.0
2018-08-21 10:30,,3.9,2420,3.91,3.87,3.9,,5294.0
2018-08-21 11:30,,3.92,2420,3.94,3.89,3.9,,13759.0
2018-08-21 11:30,{},3.92,2420,3.94,3.89,3.9,34.3117,13759.0
2018-08-21 14:00,,4.02,2420,4.17,3.92,3.92,,22238.0
2018-08-21 14:00,{},4.02,2420,4.17,3.92,3.92,55.4564,22238.0
2018-08-21 15:00,{},4.0,2420,4.02,3.99,4.02,14.6559,5877.0
2018-08-21 15:00,,4.0,2420,4.02,3.99,4.02,,5877.0
2018-08-22 10:30,{},3.93,2420,3.97,3.89,3.96,36.98,14829.0
2018-08-22 10:30,,3.93,2420,3.97,3.89,3.96,,14829.0
2018-08-22 11:30,,3.92,2420,3.94,3.9,3.93,,3675.0
2018-08-22 11:30,{},3.92,2420,3.94,3.9,3.93,9.1646,3675.0
2018-08-22 14:00,,3.91,2420,3.92,3.9,3.92,,2945.0
2018-08-22 14:00,{},3.91,2420,3.92,3.9,3.92,7.3441,2945.0
2018-08-22 15:00,,3.88,2420,3.91,3.88,3.91,,5051.0
2018-08-22 15:00,{},3.88,2420,3.91,3.88,3.91,12.595999999999998,5051.0
2018-08-23 10:30,,3.91,2420,3.93,3.87,3.88,,4345.0
2018-08-23 10:30,{},3.91,2420,3.93,3.87,3.88,10.8354,4345.0
2018-08-23 11:30,{},3.9,2420,3.92,3.89,3.91,6.0673,2433.0
2018-08-23 11:30,,3.9,2420,3.92,3.89,3.91,,2433.0
2018-08-23 14:00,,3.91,2420,3.92,3.88,3.9,,3911.0
2018-08-23 14:00,{},3.91,2420,3.92,3.88,3.9,9.7531,3911.0
2018-08-23 15:00,,3.91,2420,3.93,3.9,3.91,,4634.0
2018-08-23 15:00,{},3.91,2420,3.93,3.9,3.91,11.5561,4634.0
2018-08-24 10:30,{},3.92,2420,3.92,3.89,3.9,8.7207,3497.0
2018-08-24 10:30,,3.92,2420,3.92,3.89,3.9,,3497.0
2018-08-24 11:30,,3.9,2420,3.92,3.9,3.92,,2217.0
2018-08-24 11:30,{},3.9,2420,3.92,3.9,3.92,5.5287,2217.0
2018-08-24 14:00,,3.92,2420,3.93,3.9,3.9,,2156.0
2018-08-24 14:00,{},3.92,2420,3.93,3.9,3.9,5.3766,2156.0
2018-08-24 15:00,,3.91,2420,3.95,3.91,3.92,,3598.0
2018-08-24 15:00,{},3.91,2420,3.95,3.91,3.92,8.9726,3598.0
2018-08-27 10:30,,3.91,2420,3.92,3.85,3.87,,7141.0
2018-08-27 10:30,{},3.91,2420,3.92,3.85,3.87,17.808,7141.0
2018-08-27 11:30,,3.93,2420,3.93,3.89,3.91,,4821.0
2018-08-27 11:30,{},3.93,2420,3.93,3.89,3.91,12.0224,4821.0
2018-08-27 14:00,,3.93,2420,3.95,3.91,3.93,,3408.0
2018-08-27 14:00,{},3.93,2420,3.95,3.91,3.93,8.4988,3408.0
2018-08-27 15:00,,3.93,2420,3.96,3.93,3.93,,3887.0
2018-08-27 15:00,{},3.93,2420,3.96,3.93,3.93,9.6933,3887.0
2018-08-28 10:30,,3.93,2420,3.94,3.91,3.91,,3946.0
2018-08-28 10:30,{},3.93,2420,3.94,3.91,3.91,9.8404,3946.0
2018-08-28 11:30,,3.93,2420,3.94,3.92,3.93,,2383.0
2018-08-28 11:30,{},3.93,2420,3.94,3.92,3.93,5.9426,2383.0
2018-08-28 14:00,,3.93,2420,3.95,3.93,3.93,,2434.0
2018-08-28 14:00,{},3.93,2420,3.95,3.93,3.93,6.0698,2434.0
2018-08-28 15:00,,3.92,2420,3.93,3.91,3.93,,3187.0
2018-08-28 15:00,{},3.92,2420,3.93,3.91,3.93,7.9476,3187.0
2018-08-29 10:30,,3.92,2420,3.93,3.89,3.91,,4094.0
2018-08-29 10:30,{},3.92,2420,3.93,3.89,3.91,10.2095,4094.0
2018-08-29 11:30,,3.9,2420,3.92,3.89,3.92,,2196.0
2018-08-29 11:30,{},3.9,2420,3.92,3.89,3.92,5.4763,2196.0
2018-08-29 14:00,{},3.9,2420,3.91,3.9,3.9,3.3392,1339.0
2018-08-29 14:00,,3.9,2420,3.91,3.9,3.9,,1339.0
2018-08-29 15:00,{},3.89,2420,3.9,3.88,3.9,11.0873,4446.0
2018-08-29 15:00,,3.89,2420,3.9,3.88,3.9,,4446.0
2018-08-30 10:30,,3.87,2420,3.9,3.87,3.9,,3847.0
2018-08-30 10:30,{},3.87,2420,3.9,3.87,3.9,9.5935,3847.0
2018-08-30 11:30,,3.84,2420,3.89,3.84,3.87,,3324.0
2018-08-30 11:30,{},3.84,2420,3.89,3.84,3.87,8.2893,3324.0
2018-08-30 14:00,,3.84,2420,3.87,3.82,3.84,,2646.0
2018-08-30 14:00,{},3.84,2420,3.87,3.82,3.84,6.5985,2646.0
2018-08-30 15:00,,3.8,2420,3.85,3.79,3.84,,4362.0
2018-08-30 15:00,{},3.8,2420,3.85,3.79,3.84,10.8778,4362.0
2018-08-31 10:30,{},3.82,2420,3.83,3.76,3.8,17.2494,6917.0
2018-08-31 10:30,,3.82,2420,3.83,3.76,3.8,,6917.0
2018-08-31 11:30,{},3.85,2420,3.86,3.8,3.82,7.4913,3004.0
2018-08-31 11:30,,3.85,2420,3.86,3.8,3.82,,3004.0
2018-08-31 14:00,,3.77,2420,3.86,3.42,3.85,,7581.0
2018-08-31 14:00,{},3.77,2420,3.86,3.42,3.85,18.9052,7581.0
2018-08-31 15:00,{},3.71,2420,3.78,3.71,3.77,11.812999999999999,4737.0
2018-08-31 15:00,,3.71,2420,3.78,3.71,3.77,,4737.0
2018-08-31 15:00,{},3.71,2420,3.78,3.71,3.77,11.813,4737.0
2018-09-03 10:30,{},3.69,2420,3.73,3.6,3.7,12.6758,5083.0
2018-09-03 10:30,,3.69,2420,3.73,3.6,3.7,,5083.0
2018-09-03 11:30,{},3.7,2420,3.72,3.68,3.69,6.8953,2765.0
2018-09-03 11:30,,3.7,2420,3.72,3.68,3.69,,2765.0
2018-09-03 14:00,{},3.82,2420,3.88,3.69,3.7,16.783,6730.0
2018-09-03 14:00,,3.82,2420,3.88,3.69,3.7,,6730.0
2018-09-03 15:00,{},3.81,2420,3.9,3.81,3.82,21.3815,8574.0
2018-09-03 15:00,,3.81,2420,3.9,3.81,3.82,,8574.0
2018-09-04 10:30,{},3.78,2420,3.84,3.77,3.78,12.4314,4985.0
2018-09-04 10:30,,3.78,2420,3.84,3.77,3.78,,4985.0
2018-09-04 11:30,{},3.78,2420,3.8,3.76,3.78,8.5062,3411.0
2018-09-04 11:30,,3.78,2420,3.8,3.76,3.78,,3411.0
2018-09-04 14:00,{},3.82,2420,3.82,3.77,3.78,8.8953,3567.0
2018-09-04 14:00,,3.82,2420,3.82,3.77,3.78,,3567.0
2018-09-04 15:00,,3.81,2420,3.85,3.8,3.82,,4183.0
2018-09-04 15:00,{},3.81,2420,3.85,3.8,3.82,10.4314,4183.0
2018-09-05 10:30,,3.87,2420,3.88,3.77,3.79,,5549.0
2018-09-05 10:30,{},3.87,2420,3.88,3.77,3.79,13.8379,5549.0
2018-09-05 11:30,{},3.84,2420,3.89,3.84,3.87,5.8354,2340.0
2018-09-05 11:30,,3.84,2420,3.89,3.84,3.87,,2340.0
2018-09-05 14:00,,3.84,2420,3.86,3.84,3.84,,617.0
2018-09-05 14:00,{},3.84,2420,3.86,3.84,3.84,1.5387,617.0
2018-09-05 15:00,,3.8,2420,3.84,3.8,3.84,,3277.0
2018-09-05 15:00,{},3.8,2420,3.84,3.8,3.84,8.1721,3277.0
2018-09-06 10:30,,3.81,2420,3.83,3.75,3.79,,3060.0
2018-09-06 10:30,{},3.81,2420,3.83,3.75,3.79,7.6309,3060.0
2018-09-06 11:30,,3.79,2420,3.82,3.77,3.81,,2074.0
2018-09-06 11:30,{},3.79,2420,3.82,3.77,3.81,5.1721,2074.0
2018-09-06 14:00,,3.78,2420,3.8,3.76,3.79,,1572.0
2018-09-06 14:00,{},3.78,2420,3.8,3.76,3.79,3.9202,1572.0
2018-09-06 15:00,{},3.76,2420,3.8,3.76,3.78,3.9052,1566.0
2018-09-06 15:00,,3.76,2420,3.8,3.76,3.78,,1566.0
2018-09-07 10:30,{},3.79,2420,3.81,3.75,3.77,6.6858,2681.0
2018-09-07 10:30,,3.79,2420,3.81,3.75,3.77,,2681.0
2018-09-07 11:30,,3.76,2420,3.8,3.76,3.79,,1086.0
2018-09-07 11:30,{},3.76,2420,3.8,3.76,3.79,2.7082,1086.0
2018-09-07 14:00,,3.75,2420,3.77,3.74,3.76,,2172.0
2018-09-07 14:00,{},3.75,2420,3.77,3.74,3.76,5.4165,2172.0
2018-09-07 15:00,{},3.75,2420,3.76,3.73,3.75,5.6484,2265.0
2018-09-07 15:00,,3.75,2420,3.76,3.73,3.75,,2265.0
2018-09-10 10:30,,3.75,2420,3.78,3.73,3.75,,5488.0
2018-09-10 10:30,{},3.75,2420,3.78,3.73,3.75,13.6858,5488.0
2018-09-10 11:30,,3.75,2420,3.76,3.74,3.75,,1035.0
2018-09-10 11:30,{},3.75,2420,3.76,3.74,3.75,2.5810000000000004,1035.0
2018-09-10 14:00,,3.71,2420,3.76,3.71,3.75,,3781.0
2018-09-10 14:00,{},3.71,2420,3.76,3.71,3.75,9.4289,3781.0
2018-09-10 15:00,{},3.66,2420,3.74,3.65,3.71,12.4589,4996.0
2018-09-10 15:00,,3.66,2420,3.74,3.65,3.71,,4996.0
2018-09-11 10:30,,3.77,2420,3.85,3.66,3.67,,17758.0
2018-09-11 10:30,{},3.77,2420,3.85,3.66,3.67,44.2843,17758.0
2018-09-11 11:30,,3.79,2420,3.8,3.75,3.77,,2900.0
2018-09-11 11:30,{},3.79,2420,3.8,3.75,3.77,7.2319,2900.0
2018-09-11 14:00,{},3.73,2420,3.79,3.72,3.79,5.9002,2366.0
2018-09-11 14:00,,3.73,2420,3.79,3.72,3.79,,2366.0
2018-09-11 15:00,,3.72,2420,3.75,3.72,3.73,,1828.0
2018-09-11 15:00,{},3.72,2420,3.75,3.72,3.73,4.5586,1828.0
2018-09-12 10:30,{},3.73,2420,3.76,3.68,3.73,17.1771,6888.0
2018-09-12 10:30,,3.73,2420,3.76,3.68,3.73,,6888.0
2018-09-12 11:30,,3.72,2420,3.74,3.69,3.73,,4899.0
2018-09-12 11:30,{},3.72,2420,3.74,3.69,3.73,12.217,4899.0
2018-09-12 14:00,{},3.72,2420,3.74,3.69,3.72,3.4239,1373.0
2018-09-12 14:00,,3.72,2420,3.74,3.69,3.72,,1373.0
2018-09-12 15:00,,3.72,2420,3.73,3.7,3.72,,1904.0
2018-09-12 15:00,{},3.72,2420,3.73,3.7,3.72,4.7481,1904.0
2018-09-13 10:30,{},3.74,2420,3.76,3.72,3.72,8.2494,3308.0
2018-09-13 10:30,,3.74,2420,3.76,3.72,3.72,,3308.0
2018-09-13 11:30,,3.71,2420,3.75,3.7,3.74,,3793.0
2018-09-13 11:30,{},3.71,2420,3.75,3.7,3.74,9.4589,3793.0
2018-09-13 14:00,{},3.71,2420,3.72,3.7,3.71,6.5636,2632.0
2018-09-13 14:00,,3.71,2420,3.72,3.7,3.71,,2632.0
2018-09-13 15:00,{},3.73,2420,3.75,3.71,3.71,9.7232,3899.0
2018-09-13 15:00,,3.73,2420,3.75,3.71,3.71,,3899.0
2018-09-14 10:30,,3.74,2420,3.76,3.72,3.74,,5278.0
2018-09-14 10:30,{},3.74,2420,3.76,3.72,3.74,13.1621,5278.0
2018-09-14 11:30,{},3.7,2420,3.74,3.67,3.74,10.1372,4065.0
2018-09-14 11:30,,3.7,2420,3.74,3.67,3.74,,4065.0
2018-09-14 14:00,{},3.72,2420,3.73,3.7,3.7,2.793,1120.0
2018-09-14 14:00,,3.72,2420,3.73,3.7,3.7,,1120.0
2018-09-14 15:00,{},3.68,2420,3.72,3.68,3.72,10.6459,4269.0
2018-09-14 15:00,,3.68,2420,3.72,3.68,3.72,,4269.0
2018-09-17 10:30,{},3.62,2420,3.67,3.6,3.66,11.5586,4635.0
2018-09-17 10:30,,3.62,2420,3.67,3.6,3.66,,4635.0
2018-09-17 11:30,,3.61,2420,3.64,3.6,3.62,,2681.0
2018-09-17 11:30,{},3.61,2420,3.64,3.6,3.62,6.6858,2681.0
2018-09-17 14:00,,3.6,2420,3.62,3.56,3.61,,2680.0
2018-09-17 14:00,{},3.6,2420,3.62,3.56,3.61,6.6833,2680.0
2018-09-17 15:00,,3.57,2420,3.61,3.57,3.6,,2715.0
2018-09-17 15:00,{},3.57,2420,3.61,3.57,3.6,6.7706,2715.0
2018-09-18 10:30,,3.6,2420,3.65,3.58,3.6,,4902.0
2018-09-18 10:30,{},3.6,2420,3.65,3.58,3.6,12.2244,4902.0
2018-09-18 11:30,{},3.59,2420,3.62,3.56,3.6,9.2469,3708.0
2018-09-18 11:30,,3.59,2420,3.62,3.56,3.6,,3708.0
2018-09-18 14:00,{},3.63,2420,3.63,3.59,3.59,7.4389,2983.0
2018-09-18 14:00,,3.63,2420,3.63,3.59,3.59,,2983.0
2018-09-18 15:00,{},3.63,2420,3.64,3.61,3.63,19.3766,7770.0
2018-09-18 15:00,,3.63,2420,3.64,3.61,3.63,,7770.0
2018-09-19 10:30,{},3.66,2420,3.66,3.61,3.65,10.1646,4076.0
2018-09-19 10:30,,3.66,2420,3.66,3.61,3.65,,4076.0
2018-09-19 11:30,{},3.66,2420,3.68,3.65,3.66,9.0424,3626.0
2018-09-19 11:30,,3.66,2420,3.68,3.65,3.66,,3626.0
2018-09-19 14:00,,3.69,2420,3.71,3.66,3.66,,3177.0
2018-09-19 14:00,{},3.69,2420,3.71,3.66,3.66,7.9227,3177.0
2018-09-19 15:00,,3.68,2420,3.7,3.68,3.69,,2997.0
2018-09-19 15:00,{},3.68,2420,3.7,3.68,3.69,7.4738,2997.0
2018-09-20 10:30,,3.68,2420,3.73,3.67,3.7,,2778.0
2018-09-20 10:30,{},3.68,2420,3.73,3.67,3.7,6.9277,2778.0
2018-09-20 11:30,,3.67,2420,3.69,3.67,3.68,,1682.0
2018-09-20 11:30,{},3.67,2420,3.69,3.67,3.68,4.1945,1682.0
2018-09-20 14:00,,3.7,2420,3.7,3.67,3.67,,857.0
2018-09-20 14:00,{},3.7,2420,3.7,3.67,3.67,2.1372,857.0
2018-09-20 15:00,{},3.69,2420,3.72,3.68,3.7,6.5636,2632.0
2018-09-20 15:00,,3.69,2420,3.72,3.68,3.7,,2632.0
2018-09-21 10:30,{},3.7,2420,3.74,3.69,3.74,11.6858,4686.0
2018-09-21 10:30,,3.7,2420,3.74,3.69,3.74,,4686.0
2018-09-21 11:30,{},3.73,2420,3.73,3.67,3.7,7.7706,3116.0
2018-09-21 11:30,,3.73,2420,3.73,3.67,3.7,,3116.0
2018-09-21 14:00,{},3.73,2420,3.75,3.71,3.73,7.7382,3103.0
2018-09-21 14:00,,3.73,2420,3.75,3.71,3.73,,3103.0
2018-09-21 15:00,{},3.76,2420,3.78,3.73,3.73,15.0773,6046.0
2018-09-21 15:00,,3.76,2420,3.78,3.73,3.73,,6046.0
2018-09-25 10:30,,3.76,2420,3.79,3.75,3.76,,6265.0
2018-09-25 10:30,{},3.76,2420,3.79,3.75,3.76,15.6234,6265.0
2018-09-25 11:30,,3.76,2420,3.78,3.76,3.76,,2725.0
2018-09-25 11:30,{},3.76,2420,3.78,3.76,3.76,6.7955,2725.0
2018-09-25 14:00,{},3.77,2420,3.78,3.75,3.76,3.9501,1584.0
2018-09-25 14:00,,3.77,2420,3.78,3.75,3.76,,1584.0
2018-09-25 15:00,{},3.77,2420,3.78,3.76,3.77,6.6334,2660.0
2018-09-25 15:00,,3.77,2420,3.78,3.76,3.77,,2660.0
2018-09-26 10:30,,3.78,2420,3.8,3.76,3.77,,3413.0
2018-09-26 10:30,{},3.78,2420,3.8,3.76,3.77,8.5112,3413.0
2018-09-26 11:30,{},3.78,2420,3.79,3.77,3.78,4.399,1764.0
2018-09-26 11:30,,3.78,2420,3.79,3.77,3.78,,1764.0
2018-09-26 14:00,{},3.79,2420,3.81,3.78,3.78,5.1895,2081.0
2018-09-26 14:00,,3.79,2420,3.81,3.78,3.78,,2081.0
2018-09-26 15:00,,3.77,2420,3.79,3.77,3.79,,1507.0
2018-09-26 15:00,{},3.77,2420,3.79,3.77,3.79,3.7581,1507.0
2018-09-27 10:30,{},3.75,2420,3.83,3.73,3.83,14.7481,5914.0
2018-09-27 10:30,,3.75,2420,3.83,3.73,3.83,,5914.0
2018-09-27 11:30,{},3.74,2420,3.77,3.73,3.75,3.5486,1423.0
2018-09-27 11:30,,3.74,2420,3.77,3.73,3.75,,1423.0
2018-09-27 14:00,,3.75,2420,3.76,3.71,3.74,,1847.0
2018-09-27 14:00,{},3.75,2420,3.76,3.71,3.74,4.606,1847.0
2018-09-27 15:00,,3.71,2420,3.8,3.71,3.75,,6726.0
2018-09-27 15:00,{},3.71,2420,3.8,3.71,3.75,16.7731,6726.0
2018-09-28 10:30,{},3.75,2420,3.75,3.69,3.69,6.5237,2616.0
2018-09-28 10:30,,3.75,2420,3.75,3.69,3.69,,2616.0
2018-09-28 11:30,,3.73,2420,3.75,3.73,3.75,,1242.0
2018-09-28 11:30,{},3.73,2420,3.75,3.73,3.75,3.0973,1242.0
2018-09-28 14:00,{},3.73,2420,3.75,3.73,3.73,5.5262,2216.0
2018-09-28 14:00,,3.73,2420,3.75,3.73,3.73,,2216.0
2018-09-28 15:00,,3.75,2420,3.75,3.73,3.73,,3194.0
2018-09-28 15:00,{},3.75,2420,3.75,3.73,3.73,7.9651,3194.0
2018-10-08 10:30,{},3.7,2420,3.75,3.69,3.73,6.2544,2508.0
2018-10-08 10:30,,3.7,2420,3.75,3.69,3.73,,2508.0
2018-10-08 11:30,,3.67,2420,3.7,3.65,3.7,,1992.0
2018-10-08 11:30,{},3.67,2420,3.7,3.65,3.7,4.9676,1992.0
2018-10-08 14:00,,3.64,2420,3.68,3.63,3.67,,2477.0
2018-10-08 14:00,{},3.64,2420,3.68,3.63,3.67,6.1771,2477.0
2018-10-08 15:00,,3.57,2420,3.64,3.53,3.64,,5528.0
2018-10-08 15:00,{},3.57,2420,3.64,3.53,3.64,13.7855,5528.0
2018-10-09 10:30,,3.6,2420,3.64,3.59,3.63,,2398.0
2018-10-09 10:30,{},3.6,2420,3.64,3.59,3.63,5.98,2398.0
2018-10-09 11:30,,3.59,2420,3.6,3.58,3.6,,1581.0
2018-10-09 11:30,{},3.59,2420,3.6,3.58,3.6,3.9426,1581.0
2018-10-09 14:00,{},3.62,2420,3.66,3.59,3.59,11.7307,4704.0
2018-10-09 14:00,,3.62,2420,3.66,3.59,3.59,,4704.0
2018-10-09 15:00,,3.6,2420,3.64,3.59,3.62,,2178.0
2018-10-09 15:00,{},3.6,2420,3.64,3.59,3.62,5.4314,2178.0
2018-10-10 10:30,{},3.63,2420,3.65,3.59,3.6,5.9975,2405.0
2018-10-10 10:30,,3.63,2420,3.65,3.59,3.6,,2405.0
2018-10-10 11:30,{},3.64,2420,3.64,3.61,3.63,4.2494,1704.0
2018-10-10 11:30,,3.64,2420,3.64,3.61,3.63,,1704.0
2018-10-10 14:00,{},3.64,2420,3.64,3.62,3.64,1.0125,406.0
2018-10-10 14:00,,3.64,2420,3.64,3.62,3.64,,406.0
2018-10-10 15:00,,3.6,2420,3.66,3.6,3.64,,3898.0
2018-10-10 15:00,{},3.6,2420,3.66,3.6,3.64,9.7207,3898.0
2018-10-11 10:30,,3.44,2420,3.57,3.25,3.57,,6392.0
2018-10-11 10:30,{},3.44,2420,3.57,3.25,3.57,15.9401,6392.0
2018-10-11 11:30,{},3.3,2420,3.44,3.28,3.44,21.1347,8475.0
2018-10-11 11:30,,3.3,2420,3.44,3.28,3.44,,8475.0
2018-10-11 14:00,,3.33,2420,3.35,3.27,3.3,,5523.0
2018-10-11 14:00,{},3.33,2420,3.35,3.27,3.3,13.7731,5523.0
2018-10-11 15:00,{},3.3,2420,3.34,3.25,3.33,14.9451,5993.0
2018-10-11 15:00,,3.3,2420,3.34,3.25,3.33,,5993.0
2018-10-12 10:30,,3.22,2420,3.31,3.18,3.26,,5783.0
2018-10-12 10:30,{},3.22,2420,3.31,3.18,3.26,14.4214,5783.0
2018-10-12 11:30,{},3.19,2420,3.22,3.1,3.22,16.1845,6490.0
2018-10-12 11:30,,3.19,2420,3.22,3.1,3.22,,6490.0
2018-10-12 14:00,,3.23,2420,3.23,3.19,3.19,,2902.0
2018-10-12 14:00,{},3.23,2420,3.23,3.19,3.19,7.2369,2902.0
2018-10-12 15:00,{},3.22,2420,3.27,3.21,3.23,10.0499,4030.0
2018-10-12 15:00,,3.22,2420,3.27,3.21,3.23,,4030.0
2018-10-15 10:30,,3.22,2420,3.25,3.15,3.22,,7099.0
2018-10-15 10:30,{},3.22,2420,3.25,3.15,3.22,17.7032,7099.0
2018-10-15 11:30,{},3.18,2420,3.22,3.17,3.22,6.1621,2471.0
2018-10-15 11:30,,3.18,2420,3.22,3.17,3.22,,2471.0
2018-10-15 14:00,{},3.16,2420,3.19,3.14,3.18,6.409,2570.0
2018-10-15 14:00,,3.16,2420,3.19,3.14,3.18,,2570.0
2018-10-15 15:00,,3.04,2420,3.16,3.01,3.16,,20276.0
2018-10-15 15:00,{},3.04,2420,3.16,3.01,3.16,50.5636,20276.0
2018-10-16 10:30,{},3.04,2420,3.08,3.03,3.04,22.1995,8902.0
2018-10-16 10:30,,3.04,2420,3.08,3.03,3.04,,8902.0
2018-10-16 11:30,,3.01,2420,3.05,2.9,3.04,,6214.0
2018-10-16 11:30,{},3.01,2420,3.05,2.9,3.04,15.4963,6214.0
2018-10-16 14:00,,3.01,2420,3.05,3.0,3.01,,3765.0
2018-10-16 14:00,{},3.01,2420,3.05,3.0,3.01,9.389,3765.0
2018-10-16 15:00,,3.01,2420,3.02,2.95,3.01,,5828.0
2018-10-16 15:00,{},3.01,2420,3.02,2.95,3.01,14.5337,5828.0
2018-10-17 10:30,,3.04,2420,3.1,3.0,3.0,,4288.0
2018-10-17 10:30,{},3.04,2420,3.1,3.0,3.0,10.6933,4288.0
2018-10-17 11:30,,3.01,2420,3.05,2.99,3.04,,2385.0
2018-10-17 11:30,{},3.01,2420,3.05,2.99,3.04,5.9476,2385.0
2018-10-17 14:00,,3.02,2420,3.02,2.97,3.01,,5837.0
2018-10-17 14:00,{},3.02,2420,3.02,2.97,3.01,14.5561,5837.0
2018-10-17 15:00,{},3.05,2420,3.06,3.01,3.02,7.0424,2824.0
2018-10-17 15:00,,3.05,2420,3.06,3.01,3.02,,2824.0
2018-10-18 10:30,,2.99,2420,3.03,2.96,3.02,,5814.0
2018-10-18 10:30,{},2.99,2420,3.03,2.96,3.02,14.4988,5814.0
2018-10-18 11:30,{},2.99,2420,3.0,2.97,2.99,3.9551,1586.0
2018-10-18 11:30,,2.99,2420,3.0,2.97,2.99,,1586.0
2018-10-18 14:00,{},3.0,2420,3.01,2.98,2.99,2.4963,1001.0
2018-10-18 14:00,,3.0,2420,3.01,2.98,2.99,,1001.0
2018-10-18 15:00,,2.99,2420,3.0,2.95,3.0,,4224.0
2018-10-18 15:00,{},2.99,2420,3.0,2.95,3.0,10.5337,4224.0
2018-10-19 10:30,,2.96,2420,2.98,2.87,2.96,,5440.0
2018-10-19 10:30,{},2.96,2420,2.98,2.87,2.96,13.5661,5440.0
2018-10-19 11:30,,2.96,2420,3.0,2.94,2.96,,2440.0
2018-10-19 11:30,{},2.96,2420,3.0,2.94,2.96,6.0848,2440.0
2018-10-19 14:00,,3.0,2420,3.0,2.95,2.96,,5505.0
2018-10-19 14:00,{},3.0,2420,3.0,2.95,2.96,13.7282,5505.0
2018-10-19 15:00,,3.01,2420,3.04,3.0,3.0,,4307.0
2018-10-19 15:00,{},3.01,2420,3.04,3.0,3.0,10.7406,4307.0
2018-10-22 10:30,,3.16,2420,3.2,3.04,3.08,,22755.0
2018-10-22 10:30,{},3.16,2420,3.2,3.04,3.08,56.7456,22755.0
2018-10-22 11:30,{},3.23,2420,3.27,3.15,3.16,21.7257,8712.0
2018-10-22 11:30,,3.23,2420,3.27,3.15,3.16,,8712.0
2018-10-22 14:00,,3.19,2420,3.26,3.19,3.23,,9182.0
2018-10-22 14:00,{},3.19,2420,3.26,3.19,3.23,22.8978,9182.0
2018-10-22 15:00,{},3.18,2420,3.2,3.16,3.2,20.3766,8171.0
2018-10-22 15:00,,3.18,2420,3.2,3.16,3.2,,8171.0
2018-10-23 10:30,,3.24,2420,3.28,3.15,3.17,,22993.0
2018-10-23 10:30,{},3.24,2420,3.28,3.15,3.17,57.3392,22993.0
2018-10-23 11:30,,3.2,2420,3.29,3.2,3.23,,13300.0
2018-10-23 11:30,{},3.2,2420,3.29,3.2,3.23,33.1671,13300.0
2018-10-23 14:00,,3.25,2420,3.3,3.2,3.2,,8461.0
2018-10-23 14:00,{},3.25,2420,3.3,3.2,3.2,21.0998,8461.0
2018-10-23 15:00,{},3.22,2420,3.25,3.2,3.25,17.2544,6919.0
2018-10-23 15:00,,3.22,2420,3.25,3.2,3.25,,6919.0
2018-10-24 10:30,{},3.21,2420,3.24,3.17,3.2,16.6484,6676.0
2018-10-24 10:30,,3.21,2420,3.24,3.17,3.2,,6676.0
2018-10-24 11:30,{},3.24,2420,3.24,3.2,3.21,10.409,4174.0
2018-10-24 11:30,,3.24,2420,3.24,3.2,3.21,,4174.0
2018-10-24 14:00,{},3.22,2420,3.25,3.21,3.24,12.8454,5151.0
2018-10-24 14:00,,3.22,2420,3.25,3.21,3.24,,5151.0
2018-10-24 15:00,{},3.21,2420,3.23,3.21,3.22,10.2494,4110.0
2018-10-24 15:00,,3.21,2420,3.23,3.21,3.22,,4110.0
2018-10-25 10:30,{},3.14,2420,3.16,3.05,3.15,19.596,7858.0
2018-10-25 10:30,,3.14,2420,3.16,3.05,3.15,,7858.0
2018-10-25 11:30,{},3.14,2420,3.15,3.11,3.14,8.1446,3266.0
2018-10-25 11:30,,3.14,2420,3.15,3.11,3.14,,3266.0
2018-10-25 14:00,,3.16,2420,3.16,3.12,3.14,,2247.0
2018-10-25 14:00,{},3.16,2420,3.16,3.12,3.14,5.6035,2247.0
2018-10-25 15:00,{},3.2,2420,3.21,3.15,3.16,10.1172,4057.0
2018-10-25 15:00,,3.2,2420,3.21,3.15,3.16,,4057.0
2018-10-26 10:30,,3.26,2420,3.31,3.21,3.21,,12932.0
2018-10-26 10:30,{},3.26,2420,3.31,3.21,3.21,32.2494,12932.0
2018-10-26 11:30,{},3.24,2420,3.28,3.23,3.26,5.2170000000000005,2092.0
2018-10-26 11:30,,3.24,2420,3.28,3.23,3.26,,2092.0
2018-10-26 14:00,,3.25,2420,3.27,3.22,3.24,,3691.0
2018-10-26 14:00,{},3.25,2420,3.27,3.22,3.24,9.2045,3691.0
2018-10-26 15:00,{},3.24,2420,3.26,3.22,3.25,8.7606,3513.0
2018-10-26 15:00,,3.24,2420,3.26,3.22,3.25,,3513.0
2018-10-29 10:30,{},3.19,2420,3.23,3.18,3.22,9.5611,3834.0
2018-10-29 10:30,,3.19,2420,3.23,3.18,3.22,,3834.0
2018-10-29 11:30,{},3.19,2420,3.21,3.19,3.19,3.9077,1567.0
2018-10-29 11:30,,3.19,2420,3.21,3.19,3.19,,1567.0
2018-10-29 14:00,,3.19,2420,3.2,3.19,3.19,,1200.0
2018-10-29 14:00,{},3.19,2420,3.2,3.19,3.19,2.9925,1200.0
2018-10-29 15:00,,3.19,2420,3.19,3.17,3.19,,2573.0
2018-10-29 15:00,{},3.19,2420,3.19,3.17,3.19,6.4165,2573.0
2018-10-30 10:30,,3.16,2420,3.2,3.13,3.2,,8041.0
2018-10-30 10:30,{},3.16,2420,3.2,3.13,3.2,20.0524,8041.0
2018-10-30 11:30,,3.2,2420,3.2,3.15,3.16,,4841.0
2018-10-30 11:30,{},3.2,2420,3.2,3.15,3.16,12.0723,4841.0
2018-10-30 14:00,{},3.25,2420,3.29,3.2,3.2,27.8404,11164.0
2018-10-30 14:00,,3.25,2420,3.29,3.2,3.2,,11164.0
2018-10-30 15:00,{},3.25,2420,3.25,3.23,3.25,11.0673,4438.0
2018-10-30 15:00,,3.25,2420,3.25,3.23,3.25,,4438.0
2018-10-31 10:30,,3.31,2420,3.34,3.2,3.25,,14402.0
2018-10-31 10:30,{},3.31,2420,3.34,3.2,3.25,35.9152,14402.0
2018-10-31 11:30,{},3.31,2420,3.31,3.27,3.31,16.8653,6763.0
2018-10-31 11:30,,3.31,2420,3.31,3.27,3.31,,6763.0
2018-10-31 14:00,,3.34,2420,3.36,3.28,3.31,,13081.0
2018-10-31 14:00,{},3.34,2420,3.36,3.28,3.31,32.6209,13081.0
2018-10-31 15:00,,3.29,2420,3.34,3.28,3.34,,5714.0
2018-10-31 15:00,{},3.29,2420,3.34,3.28,3.34,14.2494,5714.0
2018-11-01 10:30,,3.32,2420,3.33,3.26,3.29,,9973.0
2018-11-01 10:30,{},3.32,2420,3.33,3.26,3.29,24.8703,9973.0
2018-11-01 11:30,,3.32,2420,3.33,3.3,3.32,,3208.0
2018-11-01 11:30,{},3.32,2420,3.33,3.3,3.32,8.0,3208.0
2018-11-01 14:00,,3.29,2420,3.33,3.29,3.32,,3754.0
2018-11-01 14:00,{},3.29,2420,3.33,3.29,3.32,9.3616,3754.0
2018-11-01 15:00,,3.26,2420,3.3,3.25,3.29,,5123.0
2018-11-01 15:00,{},3.26,2420,3.3,3.25,3.29,12.7756,5123.0
2018-11-02 10:30,{},3.31,2420,3.35,3.29,3.32,21.8803,8774.0
2018-11-02 10:30,,3.31,2420,3.35,3.29,3.32,,8774.0
2018-11-02 11:30,{},3.33,2420,3.36,3.31,3.31,14.985,6009.0
2018-11-02 11:30,,3.33,2420,3.36,3.31,3.31,,6009.0
2018-11-02 14:00,,3.32,2420,3.35,3.31,3.33,,4740.0
2018-11-02 14:00,{},3.32,2420,3.35,3.31,3.33,11.8204,4740.0
2018-11-02 15:00,{},3.35,2420,3.36,3.31,3.32,20.616,8267.0
2018-11-02 15:00,,3.35,2420,3.36,3.31,3.32,,8267.0
2018-11-05 10:30,{},3.69,2420,3.69,3.33,3.34,86.6783,34758.0
2018-11-05 10:30,,3.69,2420,3.69,3.33,3.34,,34758.0
2018-11-05 11:30,,3.69,2420,3.69,3.61,3.69,,73000.0
2018-11-05 11:30,{},3.69,2420,3.69,3.61,3.69,182.0449,73000.0
2018-11-05 14:00,{},3.69,2420,3.69,3.69,3.69,9.818,3937.0
2018-11-05 14:00,,3.69,2420,3.69,3.69,3.69,,3937.0
2018-11-05 15:00,{},3.69,2420,3.69,3.69,3.69,4.7207,1893.0
2018-11-05 15:00,,3.69,2420,3.69,3.69,3.69,,1893.0
2018-11-06 10:30,,3.74,2420,3.85,3.65,3.75,,92620.0
2018-11-06 10:30,{},3.74,2420,3.85,3.65,3.75,230.9726,92620.0
2018-11-06 11:30,{},3.69,2420,3.76,3.68,3.74,37.3716,14986.0
2018-11-06 11:30,,3.69,2420,3.76,3.68,3.74,,14986.0
2018-11-06 14:00,,3.75,2420,3.79,3.61,3.69,,13953.0
2018-11-06 14:00,{},3.75,2420,3.79,3.61,3.69,34.7955,13953.0
2018-11-06 15:00,,3.57,2420,3.75,3.57,3.75,,27554.0
2018-11-06 15:00,{},3.57,2420,3.75,3.57,3.75,68.7132,27554.0
2018-11-07 10:30,{},3.64,2420,3.72,3.5,3.52,122.8678,49270.0
2018-11-07 10:30,,3.64,2420,3.72,3.5,3.52,,49270.0
2018-11-07 11:30,,3.59,2420,3.64,3.53,3.64,,14071.0
2018-11-07 11:30,{},3.59,2420,3.64,3.53,3.64,35.0898,14071.0
2018-11-07 14:00,{},3.51,2420,3.61,3.5,3.59,48.1621,19313.0
2018-11-07 14:00,,3.51,2420,3.61,3.5,3.59,,19313.0
2018-11-07 15:00,{},3.44,2420,3.63,3.44,3.51,60.8105,24385.0
2018-11-07 15:00,,3.44,2420,3.63,3.44,3.51,,24385.0
2018-11-08 10:30,{},3.78,2420,3.78,3.78,3.78,84.02,33692.0
2018-11-08 10:30,,3.78,2420,3.78,3.78,3.78,,33692.0
2018-11-08 11:30,,3.78,2420,3.78,3.78,3.78,,2723.0
2018-11-08 11:30,{},3.78,2420,3.78,3.78,3.78,6.7905,2723.0
2018-11-08 14:00,{},3.78,2420,3.78,3.78,3.78,1.01,405.0
2018-11-08 14:00,,3.78,2420,3.78,3.78,3.78,,405.0
2018-11-08 15:00,{},3.78,2420,3.78,3.78,3.78,8.6908,3485.0
2018-11-08 15:00,,3.78,2420,3.78,3.78,3.78,,3485.0
2018-11-09 10:30,,4.16,2420,4.16,4.1,4.16,,152531.0
2018-11-09 10:30,{},4.16,2420,4.16,4.1,4.16,380.3766,152531.0
2018-11-09 11:30,{},4.16,2420,4.16,4.13,4.16,65.5012,26266.0
2018-11-09 11:30,,4.16,2420,4.16,4.13,4.16,,26266.0
2018-11-09 14:00,{},4.16,2420,4.16,4.16,4.16,8.0823,3241.0
2018-11-09 14:00,,4.16,2420,4.16,4.16,4.16,,3241.0
2018-11-09 15:00,{},4.16,2420,4.16,4.16,4.16,5.6085,2249.0
2018-11-09 15:00,,4.16,2420,4.16,4.16,4.16,,2249.0
2018-11-12 10:30,{},4.06,2420,4.3,4.0,4.3,337.9576,135521.0
2018-11-12 10:30,,4.06,2420,4.3,4.0,4.3,,135521.0
2018-11-12 11:30,{},4.14,2420,4.37,4.06,4.06,202.7032,81284.0
2018-11-12 11:30,,4.14,2420,4.37,4.06,4.06,,81284.0
2018-11-12 14:00,{},4.07,2420,4.23,4.06,4.14,60.3416,24197.0
2018-11-12 14:00,,4.07,2420,4.23,4.06,4.14,,24197.0
2018-11-12 15:00,{},4.01,2420,4.13,4.0,4.07,175.8554,70518.0
2018-11-12 15:00,,4.01,2420,4.13,4.0,4.07,,70518.0
2018-11-13 10:30,,3.96,2420,4.06,3.92,3.92,,100921.0
2018-11-13 10:30,{},3.96,2420,4.06,3.92,3.92,251.6733,100921.0
2018-11-13 11:30,{},4.0,2420,4.05,3.96,3.96,80.9551,32463.0
2018-11-13 11:30,,4.0,2420,4.05,3.96,3.96,,32463.0
2018-11-13 14:00,,4.14,2420,4.18,4.0,4.0,,60513.0
2018-11-13 14:00,{},4.14,2420,4.18,4.0,4.0,150.9052,60513.0
2018-11-13 15:00,,4.08,2420,4.17,4.07,4.14,,39809.0
2018-11-13 15:00,{},4.08,2420,4.17,4.07,4.14,99.2743,39809.0
2018-11-14 10:30,{},3.97,2420,4.09,3.94,4.01,173.5062,69576.0
2018-11-14 10:30,,3.97,2420,4.09,3.94,4.01,,69576.0
2018-11-14 11:30,{},3.94,2420,3.98,3.9,3.97,87.78299999999999,35201.0
2018-11-14 11:30,,3.94,2420,3.98,3.9,3.97,,35201.0
2018-11-14 14:00,,3.94,2420,4.0,3.92,3.94,,17929.0
2018-11-14 14:00,{},3.94,2420,4.0,3.92,3.94,44.7107,17929.0
2018-11-14 15:00,,3.9,2420,3.96,3.88,3.94,,35389.0
2018-11-14 15:00,{},3.9,2420,3.96,3.88,3.94,88.2519,35389.0
2018-11-15 10:30,,3.89,2420,3.94,3.87,3.88,,29229.0
2018-11-15 10:30,{},3.89,2420,3.94,3.87,3.88,72.8903,29229.0
2018-11-15 11:30,{},3.92,2420,3.93,3.89,3.89,47.58600000000001,19082.0
2018-11-15 11:30,{},3.92,2420,3.93,3.89,3.89,47.586000000000006,19082.0
2018-11-15 11:30,,3.92,2420,3.93,3.89,3.89,,19082.0
2018-11-15 14:00,{},3.9,2420,3.93,3.89,3.92,43.3865,17398.0
2018-11-15 14:00,,3.9,2420,3.93,3.89,3.92,,17398.0
2018-11-15 15:00,{},3.92,2420,3.92,3.87,3.9,56.1122,22501.0
2018-11-15 15:00,,3.92,2420,3.92,3.87,3.9,,22501.0
2018-11-16 10:30,,3.91,2420,3.93,3.87,3.91,,25990.0
2018-11-16 10:30,{},3.91,2420,3.93,3.87,3.91,64.813,25990.0
2018-11-16 11:30,{},3.93,2420,3.96,3.9,3.91,43.5636,17469.0
2018-11-16 11:30,,3.93,2420,3.96,3.9,3.91,,17469.0
2018-11-16 14:00,,3.94,2420,3.98,3.93,3.93,,20625.0
2018-11-16 14:00,{},3.94,2420,3.98,3.93,3.93,51.4339,20625.0
2018-11-16 15:00,{},3.94,2420,3.95,3.92,3.94,39.4813,15832.0
2018-11-16 15:00,,3.94,2420,3.95,3.92,3.94,,15832.0
2018-11-19 10:30,,3.86,2420,3.94,3.85,3.89,,28331.0
2018-11-19 10:30,{},3.86,2420,3.94,3.85,3.89,70.6509,28331.0
2018-11-19 11:30,{},3.83,2420,3.88,3.83,3.86,27.2618,10932.0
2018-11-19 11:30,,3.83,2420,3.88,3.83,3.86,,10932.0
2018-11-19 14:00,,3.83,2420,3.85,3.81,3.83,,10795.0
2018-11-19 14:00,{},3.83,2420,3.85,3.81,3.83,26.9202,10795.0
2018-11-19 15:00,,3.87,2420,3.87,3.8,3.83,,18632.0
2018-11-19 15:00,{},3.87,2420,3.87,3.8,3.83,46.4638,18632.0
2018-11-20 10:30,,3.91,2420,3.94,3.87,3.89,,27882.0
2018-11-20 10:30,{},3.91,2420,3.94,3.87,3.89,69.5312,27882.0
2018-11-20 11:30,{},3.9,2420,3.93,3.89,3.91,20.8653,8367.0
2018-11-20 11:30,,3.9,2420,3.93,3.89,3.91,,8367.0
2018-11-20 14:00,{},3.89,2420,3.9,3.83,3.9,22.6484,9082.0
2018-11-20 14:00,,3.89,2420,3.9,3.83,3.9,,9082.0
2018-11-20 15:00,{},3.86,2420,3.89,3.83,3.89,35.6534,14297.0
2018-11-20 15:00,,3.86,2420,3.89,3.83,3.89,,14297.0
2018-11-21 10:30,{},3.79,2420,3.85,3.73,3.76,52.0274,20863.0
2018-11-21 10:30,,3.79,2420,3.85,3.73,3.76,,20863.0
2018-11-21 11:30,,3.83,2420,3.83,3.76,3.79,,7095.0
2018-11-21 11:30,{},3.83,2420,3.83,3.76,3.79,17.6933,7095.0
2018-11-21 14:00,{},3.85,2420,3.86,3.78,3.83,21.5162,8628.0
2018-11-21 14:00,,3.85,2420,3.86,3.78,3.83,,8628.0
2018-11-21 15:00,,3.88,2420,3.88,3.83,3.85,,12253.0
2018-11-21 15:00,{},3.88,2420,3.88,3.83,3.85,30.5561,12253.0
2018-11-22 10:30,,3.86,2420,3.91,3.85,3.86,,12286.0
2018-11-22 10:30,{},3.86,2420,3.91,3.85,3.86,30.6384,12286.0
2018-11-22 11:30,{},3.84,2420,3.87,3.84,3.86,8.8204,3537.0
2018-11-22 11:30,,3.84,2420,3.87,3.84,3.86,,3537.0
2018-11-22 14:00,,3.84,2420,3.85,3.8,3.84,,13850.0
2018-11-22 14:00,{},3.84,2420,3.85,3.8,3.84,34.5387,13850.0
2018-11-22 15:00,,3.87,2420,3.88,3.81,3.84,,11642.0
2018-11-22 15:00,{},3.87,2420,3.88,3.81,3.84,29.0324,11642.0
2018-11-23 10:30,{},3.7,2420,3.88,3.68,3.87,53.5985,21493.0
2018-11-23 10:30,,3.7,2420,3.88,3.68,3.87,,21493.0
2018-11-23 11:30,{},3.64,2420,3.74,3.64,3.7,19.9277,7991.0
2018-11-23 11:30,,3.64,2420,3.74,3.64,3.7,,7991.0
2018-11-23 14:00,{},3.56,2420,3.66,3.52,3.64,44.8728,17994.0
2018-11-23 14:00,,3.56,2420,3.66,3.52,3.64,,17994.0
2018-11-23 15:00,,3.54,2420,3.63,3.53,3.56,,11319.0
2018-11-23 15:00,{},3.54,2420,3.63,3.53,3.56,28.2269,11319.0
2018-11-26 10:30,{},3.62,2420,3.63,3.54,3.57,30.9751,12421.0
2018-11-26 10:30,,3.62,2420,3.63,3.54,3.57,,12421.0
2018-11-26 11:30,{},3.6,2420,3.62,3.57,3.62,8.9925,3606.0
2018-11-26 11:30,,3.6,2420,3.62,3.57,3.62,,3606.0
2018-11-26 14:00,{},3.58,2420,3.6,3.57,3.6,14.6958,5893.0
2018-11-26 14:00,,3.58,2420,3.6,3.57,3.6,,5893.0
2018-11-26 15:00,,3.57,2420,3.59,3.54,3.58,,8773.0
2018-11-26 15:00,{},3.57,2420,3.59,3.54,3.58,21.8778,8773.0
2018-11-27 10:30,{},3.62,2420,3.63,3.57,3.59,27.9102,11192.0
2018-11-27 10:30,,3.62,2420,3.63,3.57,3.59,,11192.0
2018-11-27 11:30,,3.59,2420,3.62,3.56,3.62,,7751.0
2018-11-27 11:30,{},3.59,2420,3.62,3.56,3.62,19.3292,7751.0
2018-11-27 14:00,,3.6,2420,3.61,3.58,3.59,,5353.0
2018-11-27 14:00,{},3.6,2420,3.61,3.58,3.59,13.3491,5353.0
2018-11-27 15:00,,3.6,2420,3.6,3.57,3.6,,5869.0
2018-11-27 15:00,{},3.6,2420,3.6,3.57,3.6,14.6359,5869.0
2018-11-28 10:30,{},3.54,2420,3.61,3.52,3.6,20.0549,8042.0
2018-11-28 10:30,,3.54,2420,3.61,3.52,3.6,,8042.0
2018-11-28 11:30,,3.61,2420,3.61,3.54,3.54,,6471.0
2018-11-28 11:30,{},3.61,2420,3.61,3.54,3.54,16.1372,6471.0
2018-11-28 14:00,{},3.64,2420,3.66,3.6,3.61,18.9252,7589.0
2018-11-28 14:00,,3.64,2420,3.66,3.6,3.61,,7589.0
2018-11-28 15:00,,3.67,2420,3.67,3.63,3.64,,8468.0
2018-11-28 15:00,{},3.67,2420,3.67,3.63,3.64,21.1172,8468.0
2018-11-29 10:30,,3.68,2420,3.71,3.67,3.7,,12087.0
2018-11-29 10:30,{},3.68,2420,3.71,3.67,3.7,30.1421,12087.0
2018-11-29 11:30,{},3.66,2420,3.68,3.64,3.68,10.4439,4188.0
2018-11-29 11:30,,3.66,2420,3.68,3.64,3.68,,4188.0
2018-11-29 14:00,{},3.64,2420,3.68,3.62,3.66,15.3741,6165.0
2018-11-29 14:00,,3.64,2420,3.68,3.62,3.66,,6165.0
2018-11-29 15:00,{},3.54,2420,3.65,3.53,3.64,18.1571,7281.0
2018-11-29 15:00,,3.54,2420,3.65,3.53,3.64,,7281.0
2018-11-30 10:30,,3.53,2420,3.57,3.5,3.57,,5638.0
2018-11-30 10:30,{},3.53,2420,3.57,3.5,3.57,14.0599,5638.0
2018-11-30 11:30,,3.52,2420,3.54,3.5,3.53,,5002.0
2018-11-30 11:30,{},3.52,2420,3.54,3.5,3.53,12.4738,5002.0
2018-11-30 14:00,,3.43,2420,3.53,3.37,3.52,,14419.0
2018-11-30 14:00,{},3.43,2420,3.53,3.37,3.52,35.9576,14419.0
2018-11-30 15:00,,3.61,2420,3.63,3.43,3.43,,15460.0
2018-11-30 15:00,{},3.61,2420,3.63,3.43,3.43,38.5536,15460.0
2018-12-03 10:30,,3.69,2420,3.71,3.64,3.64,,14893.0
2018-12-03 10:30,{},3.69,2420,3.71,3.64,3.64,37.1397,14893.0
2018-12-03 11:30,{},3.7,2420,3.71,3.67,3.69,15.6708,6284.0
2018-12-03 11:30,,3.7,2420,3.71,3.67,3.69,,6284.0
2018-12-03 14:00,,3.69,2420,3.72,3.67,3.7,,7737.0
2018-12-03 14:00,{},3.69,2420,3.72,3.67,3.7,19.2943,7737.0
2018-12-03 15:00,,3.7,2420,3.7,3.67,3.69,,5241.0
2018-12-03 15:00,{},3.7,2420,3.7,3.67,3.69,13.0698,5241.0
2018-12-04 10:30,{},3.75,2420,3.76,3.67,3.71,27.5062,11030.0
2018-12-04 10:30,,3.75,2420,3.76,3.67,3.71,,11030.0
2018-12-04 11:30,{},3.73,2420,3.77,3.72,3.75,26.2369,10521.0
2018-12-04 11:30,,3.73,2420,3.77,3.72,3.75,,10521.0
2018-12-04 14:00,,3.71,2420,3.74,3.7,3.73,,4853.0
2018-12-04 14:00,{},3.71,2420,3.74,3.7,3.73,12.1022,4853.0
2018-12-04 15:00,{},3.75,2420,3.76,3.7,3.71,20.1122,8065.0
2018-12-04 15:00,,3.75,2420,3.76,3.7,3.71,,8065.0
2018-12-05 10:30,,3.68,2420,3.68,3.62,3.67,,15581.0
2018-12-05 10:30,{},3.68,2420,3.68,3.62,3.67,38.8554,15581.0
2018-12-05 11:30,{},3.7,2420,3.72,3.66,3.68,9.3267,3740.0
2018-12-05 11:30,,3.7,2420,3.72,3.66,3.68,,3740.0
2018-12-05 14:00,{},3.67,2420,3.7,3.65,3.7,10.1671,4077.0
2018-12-05 14:00,,3.67,2420,3.7,3.65,3.7,,4077.0
2018-12-05 15:00,,3.84,2420,3.84,3.66,3.67,,24813.0
2018-12-05 15:00,{},3.84,2420,3.84,3.66,3.67,61.8778,24813.0
2018-12-06 10:30,{},3.71,2420,3.77,3.69,3.77,29.5935,11867.0
2018-12-06 10:30,,3.71,2420,3.77,3.69,3.77,,11867.0
2018-12-06 11:30,{},3.68,2420,3.71,3.64,3.71,18.5012,7419.0
2018-12-06 11:30,,3.68,2420,3.71,3.64,3.71,,7419.0
2018-12-06 14:00,{},3.7,2420,3.7,3.65,3.68,9.7631,3915.0
2018-12-06 14:00,,3.7,2420,3.7,3.65,3.68,,3915.0
2018-12-06 15:00,{},3.75,2420,3.76,3.68,3.7,30.6284,12282.0
2018-12-06 15:00,,3.75,2420,3.76,3.68,3.7,,12282.0
2018-12-07 10:30,{},3.69,2420,3.78,3.69,3.72,21.0125,8426.0
2018-12-07 10:30,,3.69,2420,3.78,3.69,3.72,,8426.0
2018-12-07 11:30,{},3.76,2420,3.76,3.68,3.69,10.8155,4337.0
2018-12-07 11:30,,3.76,2420,3.76,3.68,3.69,,4337.0
2018-12-07 14:00,{},3.74,2420,3.77,3.73,3.76,10.9975,4410.0
2018-12-07 14:00,,3.74,2420,3.77,3.73,3.76,,4410.0
2018-12-07 15:00,{},3.78,2420,3.85,3.73,3.74,62.6085,25106.0
2018-12-07 15:00,,3.78,2420,3.85,3.73,3.74,,25106.0
2018-12-10 10:30,{},3.69,2420,3.76,3.69,3.75,15.8778,6367.0
2018-12-10 11:30,{},3.7,2420,3.7,3.66,3.69,4.8329,1938.0
2018-12-10 14:00,{},3.71,2420,3.73,3.69,3.7,5.7556,2308.0
2018-12-10 15:00,{},3.76,2420,3.76,3.71,3.71,26.0274,10437.0
2018-12-11 10:30,{},3.76,2420,3.8,3.74,3.78,13.2369,5308.0
2018-12-11 11:30,{},3.76,2420,3.77,3.74,3.76,3.9252,1574.0
2018-12-11 14:00,{},3.74,2420,3.77,3.72,3.76,4.5262,1815.0
2018-12-11 15:00,{},3.8,2420,3.82,3.74,3.74,29.5985,11869.0
2018-12-12 10:30,{},3.8,2420,3.83,3.78,3.8,23.0374,9238.0
2018-12-12 11:30,{},3.8,2420,3.81,3.79,3.8,8.7406,3505.0
2018-12-12 14:00,{},3.8,2420,3.81,3.79,3.8,6.2893,2522.0
2018-12-12 15:00,{},3.91,2420,3.95,3.78,3.8,93.414,37459.0
2018-12-13 10:30,{},3.84,2420,3.9,3.82,3.9,25.1596,10089.0
2018-12-13 11:30,{},3.87,2420,3.87,3.84,3.84,8.7057,3491.0
2018-12-13 14:00,{},3.82,2420,4.07,3.81,3.87,178.3367,71513.0
2018-12-13 15:00,{},3.8,2420,3.85,3.74,3.82,111.1147,44557.0
2018-12-14 10:30,{},3.66,2420,3.74,3.63,3.74,65.6534,26327.0
2018-12-14 11:30,{},3.63,2420,3.66,3.6,3.66,24.9676,10012.0
2018-12-14 14:00,{},3.62,2420,3.66,3.62,3.63,16.3192,6544.0
2018-12-14 15:00,{},3.57,2420,3.62,3.55,3.62,32.8529,13174.0
2018-12-17 10:30,{},3.51,2420,3.59,3.48,3.59,25.1222,10074.0
2018-12-17 11:30,{},3.56,2420,3.59,3.49,3.51,11.2469,4510.0
2018-12-17 14:00,{},3.54,2420,3.58,3.53,3.56,8.1222,3257.0
2018-12-17 15:00,{},3.52,2420,3.56,3.51,3.54,9.818,3937.0
2018-12-18 10:30,{},3.55,2420,3.57,3.52,3.53,13.6259,5464.0
2018-12-18 11:30,{},3.51,2420,3.55,3.49,3.55,9.7531,3911.0
2018-12-18 14:00,{},3.51,2420,3.52,3.5,3.51,6.98,2799.0
2018-12-18 15:00,{},3.51,2420,3.54,3.5,3.51,13.6808,5486.0
2018-12-19 10:30,{},3.5,2420,3.53,3.47,3.51,25.5312,10238.0
2018-12-19 11:30,{},3.52,2420,3.54,3.49,3.5,17.4389,6993.0
2018-12-19 14:00,{},3.49,2420,3.53,3.48,3.52,6.0125,2411.0
2018-12-19 15:00,{},3.49,2420,3.5,3.47,3.49,11.5611,4636.0
2018-12-20 10:30,{},3.49,2420,3.52,3.44,3.48,15.9751,6406.0
2018-12-20 11:30,{},3.49,2420,3.5,3.47,3.49,4.1721,1673.0
2018-12-20 14:00,{},3.49,2420,3.49,3.43,3.49,6.5586,2630.0
2018-12-20 15:00,{},3.58,2420,3.61,3.47,3.49,49.4339,19823.0
2018-12-21 10:30,{},3.49,2420,3.55,3.47,3.53,21.2369,8516.0
2018-12-21 11:30,{},3.49,2420,3.52,3.48,3.49,12.1845,4886.0
2018-12-21 14:00,{},3.48,2420,3.5,3.46,3.49,12.4115,4977.0
2018-12-21 15:00,{},3.47,2420,3.49,3.43,3.48,19.6933,7897.0
2018-12-24 10:30,{},3.54,2420,3.56,3.48,3.48,26.8803,10779.0
2018-12-24 11:30,{},3.52,2420,3.54,3.51,3.54,5.3691,2153.0
2018-12-24 14:00,{},3.51,2420,3.53,3.51,3.52,6.197,2485.0
2018-12-24 15:00,{},3.5,2420,3.54,3.5,3.51,26.5736,10656.0
2018-12-25 10:30,{},3.35,2420,3.53,3.35,3.48,33.1746,13303.0
2018-12-25 11:30,{},3.34,2420,3.37,3.33,3.35,9.5262,3820.0
2018-12-25 14:00,{},3.39,2420,3.42,3.34,3.34,8.7805,3521.0
2018-12-25 15:00,{},3.45,2420,3.46,3.39,3.39,11.5436,4629.0
2018-12-26 10:30,{},3.42,2420,3.47,3.41,3.46,15.307,5996.0
2018-12-26 11:30,{},3.4,2420,3.43,3.36,3.42,33.6339,13175.0
2018-12-26 14:00,{},3.45,2420,3.46,3.38,3.4,16.5885,6498.0
2018-12-26 15:00,{},3.45,2420,3.47,3.43,3.45,13.5863,5322.0
2018-12-27 10:30,{},3.44,2420,3.5,3.43,3.45,18.207,7132.0
2018-12-27 11:30,{},3.44,2420,3.46,3.42,3.44,11.6461,4562.0
2018-12-27 14:00,{},3.4,2420,3.45,3.39,3.44,11.664,4569.0
2018-12-27 14:00,{},3.4,2420,3.45,3.39,3.44,11.664000000000001,4569.0
2018-12-27 15:00,{},3.29,2420,3.4,3.29,3.4,31.0913,12179.0
2018-12-28 10:30,{},3.35,2420,3.36,3.28,3.29,26.3634,10327.0
2018-12-28 11:30,{},3.3,2420,3.36,3.29,3.35,12.3252,4828.0
2018-12-28 14:00,{},3.3,2420,3.31,3.29,3.3,9.1035,3566.0
2018-12-28 15:00,{},3.29,2420,3.31,3.26,3.3,11.395999999999999,4464.0
2018-12-28 15:00,{},3.29,2420,3.31,3.26,3.3,11.396,4464.0
2019-01-02 10:30,{},3.33,2420,3.36,3.29,3.32,24.1322,9453.0
2019-01-02 11:30,{},3.34,2420,3.34,3.32,3.33,5.4248,2125.0
2019-01-02 14:00,{},3.32,2420,3.34,3.32,3.34,6.0069,2353.0
2019-01-02 15:00,{},3.34,2420,3.34,3.31,3.32,13.0145,5098.0
2019-01-03 10:30,{},3.33,2420,3.4,3.32,3.35,28.541,11180.0
2019-01-03 11:30,{},3.35,2420,3.36,3.33,3.33,3.4234,1341.0
2019-01-03 14:00,{},3.34,2420,3.36,3.33,3.35,6.8927,2700.0
2019-01-03 15:00,{},3.3,2420,3.35,3.3,3.34,12.0342,4714.0
2019-01-04 10:30,{},3.27,2420,3.29,3.2,3.29,32.3141,12658.0
2019-01-04 11:30,{},3.36,2420,3.36,3.27,3.27,25.8707,10134.0
2019-01-04 14:00,{},3.36,2420,3.38,3.34,3.36,17.7551,6955.0
2019-01-04 15:00,{},3.38,2420,3.38,3.34,3.36,15.5137,6077.0
2019-01-07 10:30,{},3.45,2420,3.46,3.37,3.38,35.5486,13925.0
2019-01-07 11:30,{},3.48,2420,3.49,3.44,3.45,14.7734,5787.0
2019-01-07 14:00,{},3.49,2420,3.49,3.47,3.48,9.7749,3829.0
2019-01-07 15:00,{},3.46,2420,3.49,3.46,3.49,15.0797,5907.0
2019-01-08 10:30,{},3.49,2420,3.54,3.48,3.49,31.9031,12497.0
2019-01-08 11:30,{},3.48,2420,3.51,3.46,3.49,8.4015,3291.0
2019-01-08 14:00,{},3.49,2420,3.51,3.46,3.48,6.8825,2696.0
2019-01-08 15:00,{},3.5,2420,3.51,3.47,3.49,7.7377,3031.0
2019-01-09 10:30,{},3.56,2420,3.56,3.46,3.53,42.837,16780.0
2019-01-09 10:30,{},3.56,2420,3.56,3.46,3.53,42.836999999999996,16780.0
2019-01-09 11:30,{},3.52,2420,3.57,3.5,3.56,16.1571,6329.0
2019-01-09 14:00,{},3.54,2420,3.58,3.52,3.52,16.6242,6512.0
2019-01-09 15:00,{},3.51,2420,3.56,3.49,3.54,13.9156,5451.0
2019-01-10 10:30,{},3.56,2420,3.58,3.49,3.51,34.5938,13551.0
2019-01-10 11:30,{},3.54,2420,3.56,3.52,3.56,8.2304,3224.0
2019-01-10 14:00,{},3.54,2420,3.56,3.53,3.54,8.3861,3285.0
2019-01-10 15:00,{},3.48,2420,3.55,3.48,3.54,19.4809,7631.0
2019-01-11 10:30,{},3.48,2420,3.54,3.48,3.49,15.1768,5945.0
2019-01-11 11:30,{},3.51,2420,3.52,3.48,3.49,7.2961,2858.0
2019-01-11 14:00,{},3.5,2420,3.51,3.49,3.51,8.9912,3522.0
2019-01-11 15:00,{},3.54,2420,3.54,3.49,3.5,27.1624,10640.0
2019-01-14 10:30,{},3.52,2420,3.56,3.52,3.53,24.6223,9645.0
2019-01-14 11:30,{},3.49,2420,3.54,3.48,3.52,10.9313,4282.0
2019-01-14 14:00,{},3.49,2420,3.5,3.48,3.49,6.9923,2739.0
2019-01-14 15:00,{},3.5,2420,3.51,3.49,3.49,7.9751,3124.0
2019-01-15 10:30,{},3.54,2420,3.56,3.52,3.52,22.2201,8704.0
2019-01-15 11:30,{},3.58,2420,3.58,3.53,3.54,8.8712,3475.0
2019-01-15 14:00,{},3.56,2420,3.58,3.55,3.58,8.1181,3180.0
2019-01-15 15:00,{},3.57,2420,3.57,3.54,3.56,12.7081,4978.0
2019-01-16 10:30,{},3.56,2420,3.61,3.54,3.6,21.9112,8583.0
2019-01-16 11:30,{},3.57,2420,3.57,3.55,3.56,5.8716,2300.0
2019-01-16 14:00,{},3.57,2420,3.57,3.54,3.57,7.678999999999999,3008.0
2019-01-16 14:00,{},3.57,2420,3.57,3.54,3.57,7.679,3008.0
2019-01-16 14:00,{},3.57,2420,3.57,3.54,3.57,7.6789999999999985,3008.0
2019-01-16 15:00,{},3.54,2420,3.57,3.52,3.57,16.0371,6282.0
2019-01-17 10:30,{},3.5,2420,3.54,3.5,3.54,19.2307,7533.0
2019-01-17 11:30,{},3.53,2420,3.53,3.49,3.5,10.796,4229.0
2019-01-17 14:00,{},3.5,2420,3.54,3.49,3.53,10.0864,3951.0
2019-01-17 15:00,{},3.49,2420,3.5,3.45,3.5,12.5524,4917.0
2019-01-18 10:30,{},3.54,2420,3.56,3.45,3.45,32.8221,12857.0
2019-01-18 11:30,{},3.54,2420,3.54,3.52,3.54,12.9941,5090.0
2019-01-18 14:00,{},3.53,2420,3.54,3.52,3.54,2.0168,790.0
2019-01-18 15:00,{},3.53,2420,3.56,3.53,3.53,12.966,5079.0
2019-01-21 10:30,{},3.57,2420,3.58,3.53,3.58,18.0615,7075.0
2019-01-21 11:30,{},3.57,2420,3.59,3.55,3.57,9.4201,3690.0
2019-01-21 14:00,{},3.56,2420,3.58,3.55,3.57,4.4726,1752.0
2019-01-21 15:00,{},3.55,2420,3.56,3.53,3.56,5.8869,2306.0
2019-01-22 10:30,{},3.52,2420,3.57,3.49,3.57,26.5217,10389.0
2019-01-22 11:30,{},3.48,2420,3.52,3.48,3.52,9.6932,3797.0
2019-01-22 14:00,{},3.49,2420,3.5,3.46,3.48,10.288,4030.0
2019-01-22 15:00,{},3.48,2420,3.49,3.45,3.49,7.7735,3045.0
2019-01-23 10:30,{},3.5,2420,3.5,3.44,3.47,12.1925,4776.0
2019-01-23 11:30,{},3.49,2420,3.51,3.47,3.5,4.7892,1876.0
2019-01-23 14:00,{},3.47,2420,3.49,3.46,3.49,8.2942,3249.0
2019-01-23 15:00,{},3.49,2420,3.53,3.47,3.47,15.1206,5923.0
2019-01-24 10:30,{},3.49,2420,3.53,3.48,3.51,10.5152,4119.0
2019-01-24 11:30,{},3.48,2420,3.52,3.47,3.49,28.9443,11338.0
2019-01-24 14:00,{},3.5,2420,3.52,3.48,3.48,7.9496,3114.0
2019-01-24 15:00,{},3.48,2420,3.52,3.48,3.5,13.0272,5103.0
2019-01-25 10:30,{},3.43,2420,3.5,3.4,3.5,23.6216,9253.0
2019-01-25 11:30,{},3.43,2420,3.44,3.4,3.43,7.919,3102.0
2019-01-25 14:00,{},3.44,2420,3.45,3.43,3.43,10.6071,4155.0
2019-01-25 15:00,{},3.34,2420,3.44,3.33,3.44,26.463,10366.0
2019-01-28 10:30,{},3.36,2420,3.39,3.32,3.37,20.2748,7942.0
2019-01-28 11:30,{},3.32,2420,3.36,3.32,3.36,7.388,2894.0
2019-01-28 14:00,{},3.27,2420,3.33,3.26,3.32,12.1312,4752.0
2019-01-28 15:00,{},3.25,2420,3.28,3.22,3.27,27.9513,10949.0
2019-01-29 10:30,{},3.19,2420,3.27,3.17,3.24,25.3678,9937.0
2019-01-29 11:30,{},3.21,2420,3.21,3.18,3.19,6.8978,2702.0
2019-01-29 14:00,{},3.22,2420,3.24,3.2,3.21,6.8008,2664.0
2019-01-29 15:00,{},3.2,2420,3.24,3.19,3.22,11.8146,4628.0
2019-01-30 10:30,{},3.18,2420,3.2,3.11,3.18,21.0203,8234.0
2019-01-30 11:30,{},3.19,2420,3.19,3.15,3.18,8.501,3330.0
2019-01-30 14:00,{},3.16,2420,3.19,3.15,3.19,6.4868,2541.0
2019-01-30 15:00,{},3.11,2420,3.17,3.1,3.16,14.3573,5624.0
2019-01-31 10:30,{},3.05,2420,3.1,3.01,3.01,24.6428,9653.0
2019-01-31 11:30,{},3.07,2420,3.11,3.05,3.05,17.1961,6736.0
2019-01-31 14:00,{},3.03,2420,3.08,3.01,3.07,15.7818,6182.0
2019-01-31 15:00,{},2.98,2420,3.04,2.93,3.02,30.5782,11978.0
2019-02-01 10:30,{},3.04,2420,3.04,2.98,2.98,18.0487,7070.0
2019-02-01 11:30,{},3.04,2420,3.04,3.0,3.04,15.0593,5899.0
2019-02-01 14:00,{},3.05,2420,3.05,3.02,3.04,8.9299,3498.0
2019-02-01 15:00,{},3.06,2420,3.07,3.04,3.05,15.3708,6021.0
2019-02-11 10:30,{},3.14,2420,3.16,3.08,3.1,22.8098,8935.0
2019-02-11 11:30,{},3.13,2420,3.15,3.12,3.14,8.861,3471.0
2019-02-11 14:00,{},3.15,2420,3.15,3.13,3.13,8.0415,3150.0
2019-02-11 15:00,{},3.14,2420,3.15,3.13,3.15,16.129,6318.0
2019-02-12 10:30,{},3.21,2420,3.21,3.14,3.14,28.301,11086.0
2019-02-12 11:30,{},3.21,2420,3.23,3.19,3.21,12.3839,4851.0
2019-02-12 14:00,{},3.24,2420,3.25,3.21,3.21,20.6246,8079.0
2019-02-12 15:00,{},3.21,2420,3.24,3.19,3.24,16.8004,6581.0
2019-02-13 10:30,{},3.42,2420,3.53,3.39,3.4,204.4433,80084.0
2019-02-13 11:30,{},3.4,2420,3.42,3.39,3.42,19.1771,7512.0
2019-02-13 14:00,{},3.38,2420,3.42,3.36,3.4,32.9089,12891.0
2019-02-13 15:00,{},3.36,2420,3.39,3.35,3.38,53.0178,20768.0
2019-02-14 10:30,{},3.31,2420,3.34,3.24,3.24,109.5049,42895.0
2019-02-14 11:30,{},3.31,2420,3.32,3.29,3.31,19.1388,7497.0
2019-02-14 14:00,{},3.35,2420,3.39,3.29,3.31,40.7871,15977.0
2019-02-14 15:00,{},3.35,2420,3.38,3.34,3.35,30.4148,11914.0
2019-02-15 10:30,{},3.32,2420,3.34,3.3,3.33,40.8381,15997.0
2019-02-15 11:30,{},3.34,2420,3.35,3.31,3.32,19.4196,7607.0
2019-02-15 14:00,{},3.34,2420,3.35,3.32,3.34,20.3846,7985.0
2019-02-15 15:00,{},3.31,2420,3.35,3.31,3.34,35.0329,13723.0
2019-02-18 10:30,{},3.36,2420,3.37,3.31,3.31,40.9581,16044.0
2019-02-18 11:30,{},3.37,2420,3.38,3.35,3.36,23.9458,9380.0
2019-02-18 14:00,{},3.37,2420,3.38,3.35,3.37,32.2503,12633.0
2019-02-18 15:00,{},3.38,2420,3.4,3.36,3.38,34.6832,13586.0
2019-02-19 10:30,{},3.43,2420,3.48,3.39,3.39,68.215,26721.0
2019-02-19 11:30,{},3.43,2420,3.46,3.43,3.43,21.878,8570.0
2019-02-19 14:00,{},3.38,2420,3.44,3.36,3.43,30.3203,11877.0
2019-02-19 15:00,{},3.42,2420,3.42,3.38,3.38,26.7897,10494.0
2019-02-20 10:30,{},3.51,2420,3.69,3.4,3.41,109.0505,42717.0
2019-02-20 11:30,{},3.46,2420,3.52,3.45,3.51,22.2584,8719.0
2019-02-20 14:00,{},3.46,2420,3.48,3.44,3.46,16.6855,6536.0
2019-02-20 15:00,{},3.47,2420,3.48,3.44,3.46,25.8069,10109.0
2019-02-21 10:30,{},3.47,2420,3.52,3.4,3.5,58.4248,22886.0
2019-02-21 11:30,{},3.5,2420,3.5,3.46,3.47,25.258000000000003,9894.0
2019-02-21 11:30,{},3.5,2420,3.5,3.46,3.47,25.258,9894.0
2019-02-21 11:30,{},3.5,2420,3.5,3.46,3.47,25.258000000000006,9894.0
2019-02-21 14:00,{},3.47,2420,3.51,3.47,3.5,35.2729,13817.0
2019-02-21 15:00,{},3.44,2420,3.48,3.41,3.47,26.1796,10255.0
2019-02-22 10:30,{},3.43,2420,3.46,3.41,3.41,42.3162,16576.0
2019-02-22 11:30,{},3.45,2420,3.46,3.41,3.43,14.0178,5491.0
2019-02-22 14:00,{},3.45,2420,3.46,3.43,3.45,25.743000000000002,10084.0
2019-02-22 14:00,{},3.45,2420,3.46,3.43,3.45,25.743,10084.0
2019-02-22 15:00,{},3.47,2420,3.49,3.44,3.45,41.7827,16367.0
2019-02-25 10:30,{},3.53,2420,3.55,3.49,3.49,65.6545,25718.0
2019-02-25 11:30,{},3.56,2420,3.56,3.53,3.53,33.3353,13058.0
2019-02-25 14:00,{},3.59,2420,3.62,3.56,3.56,57.5159,22530.0
2019-02-25 15:00,{},3.6,2420,3.62,3.58,3.59,42.038000000000004,16467.0
2019-02-25 15:00,{},3.6,2420,3.62,3.58,3.59,42.038,16467.0
2019-02-26 10:30,{},3.59,2420,3.67,3.57,3.6,89.9475,35234.0
2019-02-26 11:30,{},3.62,2420,3.62,3.56,3.59,29.9119,11717.0
2019-02-26 14:00,{},3.68,2420,3.75,3.62,3.62,51.9762,20360.0
2019-02-26 15:00,{},3.61,2420,3.72,3.61,3.68,48.1878,18876.0
2019-02-27 10:30,{},3.66,2420,3.67,3.61,3.62,49.4974,19389.0
2019-02-27 11:30,{},3.68,2420,3.71,3.64,3.66,29.2022,11439.0
2019-02-27 14:00,{},3.67,2420,3.72,3.65,3.68,28.8805,11313.0
2019-02-27 15:00,{},3.64,2420,3.68,3.6,3.67,37.3075,14614.0
2019-02-28 10:30,{},3.7,2420,3.77,3.64,3.77,60.4696,23687.0
2019-02-28 11:30,{},3.71,2420,3.76,3.66,3.7,70.1501,27479.0
2019-02-28 14:00,{},3.72,2420,3.73,3.7,3.71,20.1063,7876.0
2019-02-28 15:00,{},3.68,2420,3.73,3.68,3.72,36.654,14358.0
2019-03-01 10:30,{},3.72,2420,3.75,3.66,3.66,43.2965,16960.0
2019-03-01 11:30,{},3.69,2420,3.73,3.69,3.72,19.8204,7764.0
2019-03-01 14:00,{},3.69,2420,3.71,3.68,3.69,13.8952,5443.0
2019-03-01 15:00,{},3.69,2420,3.72,3.68,3.69,29.917,11719.0
2019-03-01 15:00,{},3.69,2420,3.72,3.68,3.69,29.916999999999998,11719.0
2019-03-04 10:30,{},4.06,2420,4.06,4.0,4.06,286.0174,112038.0
2019-03-04 11:30,{},4.06,2420,4.06,4.06,4.06,16.4251,6434.0
2019-03-04 14:00,{},4.06,2420,4.06,4.06,4.06,14.3215,5610.0
2019-03-04 15:00,{},4.06,2420,4.06,4.06,4.06,8.45,3310.0
2019-03-05 10:30,{},4.47,2420,4.47,4.28,4.46,308.6204,120892.0
2019-03-05 11:30,{},4.47,2420,4.47,4.47,4.47,2.6243,1028.0
2019-03-05 14:00,{},4.47,2420,4.47,4.47,4.47,4.9857,1953.0
2019-03-05 15:00,{},4.47,2420,4.47,4.47,4.47,4.9321,1932.0
2019-03-06 10:30,{},4.92,2420,4.92,4.82,4.92,476.0115,186462.0
2019-03-06 11:30,{},4.92,2420,4.92,4.92,4.92,3.8574,1511.0
2019-03-06 14:00,{},4.92,2420,4.92,4.92,4.92,3.7476,1468.0
2019-03-06 15:00,{},4.92,2420,4.92,4.92,4.92,6.6987,2624.0
2019-03-07 10:30,{},5.15,2420,5.36,5.0,5.18,1132.4565,443603.0
2019-03-07 11:30,{},5.16,2420,5.17,5.02,5.15,184.4646,72258.0
2019-03-07 14:00,{},5.12,2420,5.21,5.05,5.16,181.4063,71060.0
2019-03-07 15:00,{},5.41,2420,5.41,5.09,5.12,283.1863,110929.0
2019-03-08 10:30,{},5.06,2420,5.12,4.87,4.87,550.8792,215789.0
2019-03-08 11:30,{},4.97,2420,5.14,4.97,5.06,157.1388,61554.0
2019-03-08 14:00,{},4.87,2420,5.04,4.87,4.97,135.2505,52980.0
2019-03-08 15:00,{},4.87,2420,4.98,4.87,4.87,81.6098,31968.0
2019-03-11 10:30,{},4.44,2420,4.85,4.38,4.6,365.9474,143348.0
2019-03-11 11:30,{},4.52,2420,4.6,4.43,4.44,100.5087,39371.0
2019-03-11 14:00,{},4.54,2420,4.6,4.52,4.52,73.6449,28848.0
2019-03-11 15:00,{},4.69,2420,4.81,4.48,4.54,179.775,70421.0
2019-03-12 10:30,{},4.76,2420,4.8,4.56,4.64,281.7107,110351.0
2019-03-12 11:30,{},4.78,2420,4.8,4.73,4.76,84.9975,33295.0
2019-03-12 14:00,{},4.67,2420,4.81,4.62,4.78,112.7292,44158.0
2019-03-12 15:00,{},4.77,2420,4.78,4.6,4.67,150.8817,59103.0
2019-03-13 10:30,{},4.59,2420,4.7,4.55,4.7,186.0244,72869.0
2019-03-13 11:30,{},4.63,2420,4.65,4.56,4.59,67.8652,26584.0
2019-03-13 14:00,{},4.58,2420,4.63,4.53,4.63,73.1292,28646.0
2019-03-13 15:00,{},4.47,2420,4.58,4.42,4.58,147.928,57946.0
2019-03-14 10:30,{},4.32,2420,4.51,4.31,4.44,133.8388,52427.0
2019-03-14 11:30,{},4.21,2420,4.32,4.15,4.32,101.1341,39616.0
2019-03-14 14:00,{},4.27,2420,4.29,4.2,4.21,36.4574,14281.0
2019-03-14 15:00,{},4.26,2420,4.27,4.16,4.27,70.9746,27802.0
2019-03-15 10:30,{},4.36,2420,4.43,4.28,4.31,126.7112,49635.0
2019-03-15 11:30,{},4.35,2420,4.38,4.34,4.36,40.8432,15999.0
2019-03-15 14:00,{},4.26,2420,4.37,4.24,4.35,54.5419,21365.0
2019-03-15 15:00,{},4.32,2420,4.33,4.25,4.26,52.1192,20416.0
2019-03-18 10:30,{},4.32,2420,4.37,4.22,4.36,80.7036,31613.0
2019-03-18 11:30,{},4.3,2420,4.33,4.26,4.32,41.5197,16264.0
2019-03-18 14:00,{},4.3,2420,4.31,4.25,4.3,36.9373,14469.0
2019-03-18 15:00,{},4.37,2420,4.38,4.29,4.3,92.896,36389.0
2019-03-19 10:30,{},4.4,2420,4.44,4.33,4.37,88.8625,34809.0
2019-03-19 11:30,{},4.36,2420,4.41,4.36,4.4,35.7298,13996.0
2019-03-19 14:00,{},4.32,2420,4.37,4.31,4.36,46.1736,18087.0
2019-03-19 15:00,{},4.33,2420,4.35,4.3,4.32,61.0695,23922.0
2019-03-20 10:30,{},4.32,2420,4.36,4.29,4.33,68.1639,26701.0
2019-03-20 11:30,{},4.23,2420,4.32,4.21,4.32,59.6399,23362.0
2019-03-20 14:00,{},4.25,2420,4.28,4.2,4.23,51.1797,20048.0
2019-03-20 15:00,{},4.39,2420,4.39,4.24,4.25,107.3299,42043.0
2019-03-21 10:30,{},4.45,2420,4.48,4.39,4.42,146.7435,57482.0
2019-03-21 11:30,{},4.46,2420,4.48,4.43,4.45,59.0783,23142.0
2019-03-21 14:00,{},4.53,2420,4.59,4.45,4.46,128.1179,50186.0
2019-03-21 15:00,{},4.48,2420,4.55,4.48,4.53,102.214,40039.0
2019-03-22 10:30,{},4.55,2420,4.67,4.41,4.46,200.0319,78356.0
2019-03-22 11:30,{},4.55,2420,4.57,4.49,4.55,63.5764,24904.0
2019-03-22 14:00,{},4.57,2420,4.58,4.54,4.55,47.7513,18705.0
2019-03-22 15:00,{},4.66,2420,4.72,4.56,4.57,179.6116,70357.0
2019-03-25 10:30,{},4.53,2420,4.64,4.5,4.58,159.9878,62670.0
2019-03-25 11:30,{},4.52,2420,4.57,4.48,4.53,79.5905,31177.0
2019-03-25 14:00,{},4.5,2420,4.53,4.49,4.52,46.4416,18192.0
2019-03-25 15:00,{},4.43,2420,4.5,4.42,4.5,104.0137,40744.0
2019-03-26 10:30,{},4.28,2420,4.4,4.23,4.34,159.8422,62613.0
2019-03-26 11:30,{},4.21,2420,4.29,4.21,4.28,50.0182,19593.0
2019-03-26 14:00,{},4.14,2420,4.22,4.13,4.21,79.7207,31228.0
2019-03-26 15:00,{},4.21,2420,4.28,4.02,4.14,166.3546,65164.0
2019-03-27 10:30,{},4.08,2420,4.18,4.03,4.15,133.124,52147.0
2019-03-27 11:30,{},4.08,2420,4.11,4.05,4.08,26.2613,10287.0
2019-03-27 14:00,{},4.06,2420,4.09,4.04,4.08,29.5749,11585.0
2019-03-27 15:00,{},4.12,2420,4.14,4.06,4.06,67.4925,26438.0
2019-03-28 10:30,{},4.08,2420,4.1,3.99,4.09,94.7035,37097.0
2019-03-28 11:30,{},4.05,2420,4.09,4.04,4.08,29.2328,11451.0
2019-03-28 14:00,{},4.0,2420,4.08,4.0,4.05,32.4903,12727.0
2019-03-28 15:00,{},3.9,2420,4.01,3.89,4.0,127.6737,50012.0
2019-03-29 10:30,{},3.95,2420,3.99,3.88,3.9,86.085,33721.0
2019-03-29 11:30,{},3.97,2420,3.99,3.92,3.95,37.6981,14767.0
2019-03-29 14:00,{},4.02,2420,4.04,3.97,3.97,60.1479,23561.0
2019-03-29 15:00,{},4.04,2420,4.06,4.0,4.02,49.2447,19290.0
2019-04-01 10:30,{},4.23,2420,4.27,4.11,4.14,144.8978,56759.0
2019-04-01 11:30,{},4.25,2420,4.26,4.21,4.23,44.9788,17619.0
2019-04-01 14:00,{},4.28,2420,4.33,4.25,4.25,64.161,25133.0
2019-04-01 15:00,{},4.3,2420,4.32,4.28,4.28,67.4313,26414.0
2019-04-02 10:30,{},4.44,2420,4.48,4.3,4.33,175.0573,68573.0
2019-04-02 11:30,{},4.36,2420,4.44,4.32,4.44,42.9978,16843.0
2019-04-02 14:00,{},4.35,2420,4.39,4.33,4.36,48.7469,19095.0
2019-04-02 15:00,{},4.31,2420,4.35,4.3,4.35,93.787,36738.0
2019-04-03 10:30,{},4.4,2420,4.42,4.29,4.32,101.0499,39583.0
2019-04-03 11:30,{},4.39,2420,4.4,4.36,4.4,25.1584,9855.0
2019-04-03 14:00,{},4.36,2420,4.39,4.35,4.39,23.4046,9168.0
2019-04-03 15:00,{},4.34,2420,4.38,4.3,4.36,80.3334,31468.0
2019-04-04 10:30,{},4.33,2420,4.45,4.31,4.35,128.8275,50464.0
2019-04-04 11:30,{},4.37,2420,4.37,4.32,4.33,56.5484,22151.0
2019-04-04 14:00,{},4.35,2420,4.38,4.34,4.37,32.7889,12844.0
2019-04-04 15:00,{},4.35,2420,4.38,4.33,4.35,47.3071,18531.0
2019-04-08 10:30,{},4.35,2420,4.41,4.3,4.38,88.2243,34559.0
2019-04-08 11:30,{},4.32,2420,4.38,4.32,4.35,28.9852,11354.0
2019-04-08 14:00,{},4.23,2420,4.33,4.21,4.32,71.6307,28059.0
2019-04-08 15:00,{},4.28,2420,4.29,4.23,4.23,41.1904,16135.0
2019-04-09 10:30,{},4.33,2420,4.35,4.26,4.28,73.0858,28629.0
2019-04-09 11:30,{},4.39,2420,4.4,4.32,4.33,50.687,19855.0
2019-04-09 14:00,{},4.38,2420,4.41,4.36,4.39,44.9303,17600.0
2019-04-09 15:00,{},4.37,2420,4.38,4.34,4.38,50.0437,19603.0
2019-04-10 10:30,{},4.34,2420,4.36,4.26,4.33,68.1639,26701.0
2019-04-10 11:30,{},4.38,2420,4.41,4.33,4.34,57.6487,22582.0
2019-04-10 14:00,{},4.38,2420,4.4,4.36,4.38,31.7601,12441.0
2019-04-10 15:00,{},4.31,2420,4.4,4.3,4.38,92.1404,36093.0
2019-04-11 10:30,{},4.34,2420,4.36,4.31,4.34,45.5635,17848.0
2019-04-11 11:30,{},4.31,2420,4.38,4.27,4.34,47.0416,18427.0
2019-04-11 14:00,{},4.35,2420,4.36,4.29,4.31,31.949,12515.0
2019-04-11 15:00,{},4.26,2420,4.37,4.21,4.35,109.0327,42710.0
2019-04-12 10:30,{},4.2,2420,4.27,4.17,4.25,71.526,28018.0
2019-04-12 11:30,{},4.17,2420,4.2,4.12,4.2,43.6539,17100.0
2019-04-12 14:00,{},4.19,2420,4.22,4.17,4.17,27.188,10650.0
2019-04-12 15:00,{},4.23,2420,4.25,4.17,4.19,58.486,22910.0
2019-04-15 10:30,{},4.36,2420,4.39,4.26,4.27,121.654,47654.0
2019-04-15 11:30,{},4.34,2420,4.37,4.33,4.36,34.9512,13691.0
2019-04-15 14:00,{},4.28,2420,4.34,4.27,4.34,30.8207,12073.0
2019-04-15 15:00,{},4.25,2420,4.3,4.23,4.28,44.2385,17329.0
2019-04-16 10:30,{},4.16,2420,4.26,4.12,4.26,78.7328,30841.0
2019-04-16 11:30,{},4.21,2420,4.22,4.15,4.16,27.0782,10607.0
2019-04-16 14:00,{},4.21,2420,4.24,4.19,4.21,26.5268,10391.0
2019-04-16 15:00,{},4.26,2420,4.27,4.21,4.21,52.2162,20454.0
2019-04-17 10:30,{},4.23,2420,4.29,4.22,4.27,65.3992,25618.0
2019-04-17 11:30,{},4.24,2420,4.27,4.22,4.23,24.8904,9750.0
2019-04-17 14:00,{},4.3,2420,4.31,4.24,4.24,59.6297,23358.0
2019-04-17 15:00,{},4.31,2420,4.31,4.27,4.3,48.5452,19016.0
2019-04-18 10:30,{},4.36,2420,4.37,4.27,4.29,107.5801,42141.0
2019-04-18 11:30,{},4.36,2420,4.39,4.35,4.36,78.6741,30818.0
2019-04-18 14:00,{},4.37,2420,4.38,4.35,4.36,49.3774,19342.0
2019-04-18 15:00,{},4.35,2420,4.38,4.33,4.37,55.2031,21624.0
2019-04-19 10:30,{},4.26,2420,4.35,4.26,4.35,101.5962,39797.0
2019-04-19 11:30,{},4.26,2420,4.27,4.22,4.26,36.2557,14202.0
2019-04-19 14:00,{},4.27,2420,4.27,4.24,4.26,22.8251,8941.0
2019-04-19 15:00,{},4.3,2420,4.31,4.26,4.27,43.9245,17206.0
2019-04-22 10:30,{},4.26,2420,4.33,4.24,4.28,68.6388,26887.0
2019-04-22 11:30,{},4.22,2420,4.27,4.21,4.26,36.7586,14399.0
2019-04-22 14:00,{},4.18,2420,4.22,4.15,4.22,41.1087,16103.0
2019-04-22 15:00,{},4.15,2420,4.2,4.11,4.18,48.9409,19171.0
2019-04-23 10:30,{},4.09,2420,4.16,4.06,4.13,74.809,29304.0
2019-04-23 11:30,{},4.06,2420,4.1,4.03,4.09,38.4154,15048.0
2019-04-23 14:00,{},4.09,2420,4.11,4.06,4.06,17.8726,7001.0
2019-04-23 15:00,{},4.03,2420,4.1,4.02,4.09,40.3097,15790.0
2019-04-24 10:30,{},4.05,2420,4.07,3.98,4.06,50.7075,19863.0
2019-04-24 11:30,{},4.02,2420,4.06,4.01,4.05,21.3164,8350.0
2019-04-24 14:00,{},4.11,2420,4.13,4.02,4.02,48.5299,19010.0
2019-04-24 15:00,{},4.13,2420,4.13,4.09,4.11,36.2379,14195.0
2019-04-25 10:30,{},4.08,2420,4.13,4.06,4.11,51.7312,20264.0
2019-04-25 11:30,{},4.03,2420,4.08,4.01,4.08,37.6164,14735.0
2019-04-25 14:00,{},4.07,2420,4.1,4.01,4.03,51.9992,20369.0
2019-04-25 15:00,{},3.9,2420,4.07,3.89,4.07,77.1474,30220.0
2019-04-26 10:30,{},3.84,2420,3.93,3.74,3.93,71.1355,27865.0
2019-04-26 11:30,{},3.8,2420,3.85,3.79,3.84,15.2304,5966.0
2019-04-26 14:00,{},3.82,2420,3.89,3.79,3.8,28.3419,11102.0
2019-04-26 15:00,{},3.76,2420,3.82,3.75,3.82,50.613,19826.0
2019-04-30 10:30,{},3.57,2420,3.57,3.57,3.57,20.6782,8100.0
2019-04-30 11:30,{},3.57,2420,3.57,3.57,3.57,1.4883,583.0
2019-04-30 14:00,{},3.57,2420,3.57,3.57,3.57,0.2604,102.0
2019-04-30 15:00,{},3.57,2420,3.57,3.57,3.57,0.2221,87.0
2019-05-06 10:30,{},3.39,2420,3.39,3.39,3.39,20.2569,7935.0
2019-05-06 11:30,{},3.39,2420,3.39,3.39,3.39,0.3625,142.0
2019-05-06 14:00,{},3.39,2420,3.39,3.39,3.39,0.3548,139.0
2019-05-06 15:00,{},3.39,2420,3.39,3.39,3.39,0.1864,73.0
2019-05-07 10:30,{},3.23,2420,3.29,3.22,3.22,292.1493,114440.0
2019-05-07 11:30,{},3.22,2420,3.24,3.22,3.23,61.021,23903.0
2019-05-07 14:00,{},3.22,2420,3.23,3.22,3.22,25.429,9961.0
2019-05-07 15:00,{},3.22,2420,3.24,3.22,3.22,56.7169,22217.0
2019-05-08 10:30,{},3.27,2420,3.29,3.09,3.11,119.0578,46637.0
2019-05-08 11:30,{},3.28,2420,3.31,3.23,3.27,62.0396,24302.0
2019-05-08 14:00,{},3.24,2420,3.29,3.24,3.28,39.2962,15393.0
2019-05-08 15:00,{},3.23,2420,3.25,3.21,3.24,30.1391,11806.0
2019-05-09 10:30,{},3.22,2420,3.25,3.17,3.19,52.663,20629.0
2019-05-09 11:30,{},3.23,2420,3.23,3.19,3.22,21.8244,8549.0
2019-05-09 14:00,{},3.25,2420,3.26,3.2,3.23,30.6828,12019.0
2019-05-09 15:00,{},3.23,2420,3.26,3.22,3.25,37.4122,14655.0
2019-05-10 10:30,{},3.27,2420,3.31,3.24,3.24,48.2618,18905.0
2019-05-10 11:30,{},3.27,2420,3.28,3.25,3.27,23.157,9071.0
2019-05-10 14:00,{},3.28,2420,3.28,3.21,3.27,51.384,20128.0
2019-05-10 15:00,{},3.3,2420,3.31,3.27,3.28,47.6313,18658.0
2019-05-13 10:30,{},3.24,2420,3.28,3.24,3.28,72.0085,28207.0
2019-05-13 11:30,{},3.25,2420,3.27,3.23,3.24,30.2284,11841.0
2019-05-13 14:00,{},3.24,2420,3.25,3.23,3.25,19.6034,7679.0
2019-05-13 15:00,{},3.26,2420,3.26,3.23,3.24,18.5133,7252.0
2019-05-14 10:30,{},3.25,2420,3.27,3.19,3.19,28.2985,11085.0
2019-05-14 11:30,{},3.24,2420,3.26,3.23,3.25,11.2632,4412.0
2019-05-14 14:00,{},3.25,2420,3.26,3.23,3.24,7.97,3122.0
2019-05-14 15:00,{},3.24,2420,3.25,3.22,3.25,26.32,10310.0
2019-05-15 10:30,{},3.26,2420,3.28,3.24,3.27,29.2558,11460.0
2019-05-15 11:30,{},3.3,2420,3.3,3.26,3.26,19.6009,7678.0
2019-05-15 14:00,{},3.29,2420,3.32,3.28,3.3,32.669,12797.0
2019-05-15 15:00,{},3.28,2420,3.31,3.28,3.29,29.8072,11676.0
2019-05-16 10:30,{},3.32,2420,3.33,3.27,3.29,38.7703,15187.0
2019-05-16 11:30,{},3.32,2420,3.34,3.31,3.32,36.9705,14482.0
2019-05-16 14:00,{},3.32,2420,3.33,3.3,3.32,15.0772,5906.0
2019-05-16 15:00,{},3.34,2420,3.34,3.31,3.32,23.0115,9014.0
2019-05-17 10:30,{},3.32,2420,3.35,3.3,3.35,34.3385,13451.0
2019-05-17 11:30,{},3.27,2420,3.32,3.27,3.32,28.9979,11359.0
2019-05-17 14:00,{},3.21,2420,3.28,3.2,3.27,29.7766,11664.0
2019-05-17 15:00,{},3.17,2420,3.22,3.17,3.21,61.3963,24050.0
2019-05-20 10:30,{},3.08,2420,3.17,3.02,3.17,44.6674,17497.0
2019-05-20 11:30,{},3.12,2420,3.12,3.08,3.08,10.2063,3998.0
2019-05-20 14:00,{},3.09,2420,3.12,3.08,3.12,14.0203,5492.0
2019-05-20 15:00,{},3.1,2420,3.11,3.09,3.09,13.571,5316.0
2019-05-21 10:30,{},3.16,2420,3.16,3.09,3.11,29.1128,11404.0
2019-05-21 11:30,{},3.17,2420,3.17,3.15,3.16,10.6122,4157.0
2019-05-21 14:00,{},3.18,2420,3.18,3.16,3.17,15.3478,6012.0
2019-05-21 15:00,{},3.16,2420,3.18,3.15,3.18,15.4601,6056.0
2019-05-22 10:30,{},3.15,2420,3.18,3.14,3.16,28.9137,11326.0
2019-05-22 11:30,{},3.14,2420,3.16,3.14,3.15,14.8321,5810.0
2019-05-22 14:00,{},3.15,2420,3.16,3.13,3.14,18.133,7103.0
2019-05-22 15:00,{},3.17,2420,3.17,3.14,3.15,16.7391,6557.0
2019-05-23 10:30,{},3.3,2420,3.31,3.13,3.17,54.4346,21323.0
2019-05-23 11:30,{},3.27,2420,3.33,3.27,3.3,56.265,22040.0
2019-05-23 14:00,{},3.22,2420,3.27,3.21,3.27,27.0603,10600.0
2019-05-23 15:00,{},3.15,2420,3.22,3.15,3.22,31.9286,12507.0
2019-05-24 10:30,{},3.17,2420,3.21,3.14,3.17,25.6639,10053.0
2019-05-24 11:30,{},3.18,2420,3.2,3.17,3.17,8.478,3321.0
2019-05-24 14:00,{},3.16,2420,3.18,3.15,3.18,7.9266,3105.0
2019-05-24 15:00,{},3.13,2420,3.17,3.13,3.16,23.0983,9048.0
2019-05-27 10:30,{},3.15,2420,3.17,3.12,3.17,17.9517,7032.0
2019-05-27 11:30,{},3.15,2420,3.16,3.13,3.15,10.9084,4273.0
2019-05-27 14:00,{},3.2,2420,3.21,3.15,3.15,15.2814,5986.0
2019-05-27 15:00,{},3.21,2420,3.23,3.19,3.2,17.3288,6788.0
2019-05-28 10:30,{},3.25,2420,3.27,3.18,3.18,30.2539,11851.0
2019-05-28 11:30,{},3.26,2420,3.27,3.24,3.25,11.71,4587.0
2019-05-28 14:00,{},3.25,2420,3.27,3.25,3.26,15.6312,6123.0
2019-05-28 15:00,{},3.21,2420,3.26,3.2,3.25,16.6472,6521.0
2019-05-29 10:30,{},3.25,2420,3.26,3.2,3.2,22.3605,8759.0
2019-05-29 11:30,{},3.25,2420,3.26,3.23,3.25,11.4138,4471.0
2019-05-29 14:00,{},3.25,2420,3.26,3.24,3.25,6.0171,2357.0
2019-05-29 15:00,{},3.24,2420,3.26,3.23,3.25,14.4466,5659.0
2019-05-30 10:30,{},3.18,2420,3.24,3.15,3.24,36.8403,14431.0
2019-05-30 11:30,{},3.18,2420,3.2,3.17,3.18,10.9058,4272.0
2019-05-30 14:00,{},3.19,2420,3.21,3.17,3.18,13.2749,5200.0
2019-05-30 15:00,{},3.2,2420,3.21,3.19,3.19,10.7526,4212.0
2019-05-31 10:30,{},3.22,2420,3.22,3.18,3.18,19.0188,7450.0
2019-05-31 11:30,{},3.2,2420,3.22,3.19,3.22,9.7162,3806.0
2019-05-31 14:00,{},3.18,2420,3.21,3.17,3.2,12.7617,4999.0
2019-05-31 15:00,{},3.17,2420,3.19,3.17,3.18,12.869,5041.0
2019-06-03 10:30,{},3.13,2420,3.22,3.12,3.2,19.3558,7582.0
2019-06-03 11:30,{},3.11,2420,3.14,3.09,3.13,30.0778,11782.0
2019-06-03 14:00,{},3.13,2420,3.14,3.11,3.11,10.6837,4185.0
2019-06-03 15:00,{},3.09,2420,3.13,3.09,3.13,15.2789,5985.0
2019-06-04 10:30,{},3.1,2420,3.12,3.08,3.11,9.1597,3588.0
2019-06-04 11:30,{},3.09,2420,3.1,3.06,3.1,8.1615,3197.0
2019-06-04 14:00,{},3.08,2420,3.09,3.07,3.09,4.2326,1658.0
2019-06-04 15:00,{},3.05,2420,3.09,3.02,3.08,14.5002,5680.0
2019-06-05 10:30,{},3.08,2420,3.1,3.07,3.09,12.5575,4919.0
2019-06-05 11:30,{},3.09,2420,3.1,3.08,3.08,5.9201,2319.0
2019-06-05 14:00,{},3.1,2420,3.12,3.09,3.09,15.3937,6030.0
2019-06-05 15:00,{},3.06,2420,3.11,3.06,3.1,15.4167,6039.0
2019-06-06 10:30,{},3.06,2420,3.08,3.03,3.04,14.2194,5570.0
2019-06-06 11:30,{},3.04,2420,3.07,3.0,3.06,36.7484,14395.0
2019-06-06 14:00,{},2.97,2420,3.04,2.95,3.04,38.732,15172.0
2019-06-06 15:00,{},2.92,2420,2.98,2.91,2.97,72.5829,28432.0
2019-06-10 10:30,{},2.95,2420,2.95,2.91,2.94,21.2883,8339.0
2019-06-10 11:30,{},2.96,2420,2.96,2.93,2.95,16.4762,6454.0
2019-06-10 14:00,{},2.93,2420,2.97,2.92,2.96,8.8686,3474.0
2019-06-10 15:00,{},2.93,2420,2.94,2.92,2.93,9.4686,3709.0
2019-06-11 10:30,{},3.01,2420,3.01,2.92,2.94,20.2493,7932.0
2019-06-11 11:30,{},3.02,2420,3.04,2.99,3.01,27.2288,10666.0
2019-06-11 14:00,{},3.02,2420,3.03,3.01,3.02,7.7198,3024.0
2019-06-11 15:00,{},3.03,2420,3.04,3.02,3.02,18.8937,7401.0
2019-06-12 10:30,{},3.05,2420,3.07,3.02,3.03,24.4972,9596.0
2019-06-12 11:30,{},3.03,2420,3.05,3.02,3.05,12.8792,5045.0
2019-06-12 14:00,{},3.04,2420,3.04,3.02,3.03,5.3967,2114.0
2019-06-12 15:00,{},3.03,2420,3.04,3.02,3.04,6.5353,2560.0
2019-06-13 10:30,{},3.03,2420,3.03,3.0,3.02,18.3857,7202.0
2019-06-13 11:30,{},3.08,2420,3.09,3.03,3.03,28.6712,11231.0
2019-06-13 14:00,{},3.09,2420,3.09,3.07,3.08,15.3631,6018.0
2019-06-13 15:00,{},3.08,2420,3.1,3.08,3.09,11.4572,4488.0
2019-06-14 10:30,{},3.07,2420,3.1,3.05,3.06,21.3674,8370.0
2019-06-14 11:30,{},3.05,2420,3.07,3.04,3.07,8.3632,3276.0
2019-06-14 14:00,{},3.03,2420,3.06,3.03,3.05,5.8409,2288.0
2019-06-14 15:00,{},3.02,2420,3.04,3.0,3.03,15.7103,6154.0
2019-06-17 10:30,{},3.02,2420,3.04,2.98,2.98,19.0724,7471.0
2019-06-17 11:30,{},3.01,2420,3.03,3.01,3.02,6.7932,2661.0
2019-06-17 14:00,{},3.02,2420,3.02,3.0,3.01,2.8184,1104.0
2019-06-17 15:00,{},3.0,2420,3.02,2.99,3.02,4.7943,1878.0
2019-06-18 10:30,{},3.01,2420,3.01,2.97,2.99,9.8081,3842.0
2019-06-18 11:30,{},3.01,2420,3.01,2.99,3.01,5.3023,2077.0
2019-06-18 14:00,{},3.01,2420,3.01,3.0,3.01,2.849,1116.0
2019-06-18 15:00,{},3.0,2420,3.01,2.99,3.01,8.4015,3291.0
2019-06-19 10:30,{},3.04,2420,3.05,3.02,3.03,12.5218,4905.0
2019-06-19 11:30,{},3.04,2420,3.05,3.03,3.04,8.0466,3152.0
2019-06-19 14:00,{},3.03,2420,3.05,3.02,3.04,10.2778,4026.0
2019-06-19 15:00,{},3.01,2420,3.03,3.0,3.03,13.5914,5324.0
2019-06-20 10:30,{},3.0,2420,3.01,2.97,3.0,14.707,5761.0
2019-06-20 11:30,{},3.04,2420,3.05,3.0,3.0,13.6425,5344.0
2019-06-20 14:00,{},3.03,2420,3.05,3.02,3.04,14.656,5741.0
2019-06-20 15:00,{},3.04,2420,3.04,3.02,3.03,11.641,4560.0
2019-06-21 10:30,{},3.16,2420,3.19,3.11,3.18,76.6854,30039.0
2019-06-21 11:30,{},3.15,2420,3.16,3.14,3.16,10.2395,4011.0
2019-06-21 14:00,{},3.15,2420,3.17,3.14,3.15,17.362,6801.0
2019-06-21 15:00,{},3.15,2420,3.15,3.14,3.15,12.5805,4928.0
2019-06-24 10:30,{},3.15,2420,3.15,3.11,3.13,20.2697,7940.0
2019-06-24 11:30,{},3.12,2420,3.15,3.12,3.15,10.5408,4129.0
2019-06-24 14:00,{},3.1,2420,3.14,3.1,3.12,12.4911,4893.0
2019-06-24 15:00,{},3.14,2420,3.14,3.09,3.1,11.4419,4482.0
2019-06-25 10:30,{},3.12,2420,3.15,3.1,3.15,12.4503,4877.0
2019-06-25 11:30,{},3.09,2420,3.12,3.09,3.12,9.0703,3553.0
2019-06-25 14:00,{},3.11,2420,3.11,3.09,3.09,7.1046,2783.0
2019-06-25 15:00,{},3.12,2420,3.13,3.1,3.11,9.3128,3648.0
2019-06-26 10:30,{},3.14,2420,3.14,3.09,3.12,15.1308,5927.0
2019-06-26 11:30,{},3.13,2420,3.16,3.1,3.14,18.8605,7388.0
2019-06-26 14:00,{},3.15,2420,3.15,3.12,3.13,11.7891,4618.0
2019-06-26 15:00,{},3.15,2420,3.16,3.14,3.15,34.0041,13320.0
2019-06-27 10:30,{},3.14,2420,3.16,3.13,3.16,20.2314,7925.0
2019-06-27 11:30,{},3.15,2420,3.15,3.13,3.14,9.6677,3787.0
2019-06-27 14:00,{},3.15,2420,3.17,3.15,3.15,21.7019,8501.0
2019-06-27 15:00,{},3.15,2420,3.16,3.14,3.15,6.1524,2410.0
2019-06-28 10:30,{},3.11,2420,3.14,3.11,3.14,11.1407,4364.0
2019-06-28 11:30,{},3.11,2420,3.12,3.1,3.11,5.5806,2186.0
2019-06-28 14:00,{},3.11,2420,3.12,3.1,3.11,4.613,1807.0
2019-06-28 15:00,{},3.11,2420,3.12,3.1,3.11,5.3738,2105.0
2019-07-01 10:30,{},3.15,2420,3.17,3.13,3.15,20.9615,8211.0
2019-07-01 11:30,{},3.15,2420,3.16,3.14,3.15,15.4116,6037.0
2019-07-01 14:00,{},3.13,2420,3.16,3.13,3.15,29.1996,11438.0
2019-07-01 15:00,{},3.15,2420,3.15,3.13,3.13,35.3418,13844.0
2019-07-02 10:30,{},3.18,2420,3.19,3.13,3.15,31.3644,12286.0
2019-07-02 11:30,{},3.23,2420,3.28,3.18,3.18,60.4619,23684.0
2019-07-02 14:00,{},3.21,2420,3.24,3.2,3.23,21.1504,8285.0
2019-07-02 15:00,{},3.21,2420,3.23,3.21,3.21,11.327,4437.0
2019-07-03 10:30,{},3.14,2420,3.21,3.11,3.21,41.1215,16108.0
2019-07-03 11:30,{},3.15,2420,3.15,3.13,3.14,8.7257,3418.0
2019-07-03 14:00,{},3.15,2420,3.15,3.13,3.15,9.369,3670.0
2019-07-03 15:00,{},3.14,2420,3.15,3.11,3.15,13.5736,5317.0
2019-07-04 10:30,{},3.13,2420,3.15,3.11,3.11,10.3901,4070.0
2019-07-04 11:30,{},3.11,2420,3.14,3.11,3.13,8.2508,3232.0
2019-07-04 14:00,{},3.12,2420,3.14,3.11,3.11,9.6575,3783.0
2019-07-04 15:00,{},3.13,2420,3.13,3.11,3.12,4.4343,1737.0
2019-07-05 10:30,{},3.13,2420,3.15,3.11,3.13,11.2198,4395.0
2019-07-05 11:30,{},3.14,2420,3.15,3.13,3.13,20.4842,8024.0
2019-07-05 14:00,{},3.14,2420,3.14,3.13,3.14,6.0324,2363.0
2019-07-05 15:00,{},3.14,2420,3.14,3.12,3.14,9.7723,3828.0
