date,amount,close,code,high,low,open,turnoverratio,volume
2017-11-03 14:00,,29.19,603131,29.33,28.88,28.99,,10774.0
2017-11-03 15:00,,28.44,603131,29.25,27.96,29.19,,26842.0
2017-11-06 10:30,,27.46,603131,29.78,27.02,29.49,,39958.0
2017-11-06 11:30,,26.62,603131,27.48,26.2,27.48,,22392.0
2017-11-06 14:00,,26.84,603131,27.17,26.48,26.62,,9984.0
2017-11-06 15:00,,26.79,603131,26.88,26.27,26.84,,19433.0
2017-11-07 10:30,,25.83,603131,26.58,25.48,26.11,,33829.0
2017-11-07 11:30,,25.96,603131,26.07,25.64,25.83,,9215.0
2017-11-07 14:00,,26.25,603131,26.42,25.57,25.96,,10220.0
2017-11-07 15:00,,26.26,603131,26.47,26.15,26.26,,11605.0
2017-11-08 10:30,,26.02,603131,26.12,25.55,25.82,,16144.0
2017-11-08 11:30,,26.17,603131,26.4,25.92,26.04,,9647.0
2017-11-08 14:00,,26.0,603131,26.4,25.9,26.17,,7804.0
2017-11-08 15:00,,26.01,603131,26.13,25.89,25.97,,11398.0
2017-11-09 10:30,,26.35,603131,26.9,25.82,25.82,,29176.0
2017-11-09 11:30,,26.26,603131,26.52,26.24,26.36,,5949.0
2017-11-09 14:00,,26.28,603131,26.42,26.1,26.26,,5002.0
2017-11-09 15:00,,26.28,603131,26.35,26.16,26.28,,8652.0
2017-11-10 10:30,,25.84,603131,26.06,25.53,25.87,,15855.0
2017-11-10 11:30,,25.8,603131,25.92,25.67,25.84,,4259.0
2017-11-10 14:00,,25.56,603131,25.92,25.5,25.8,,8499.0
2017-11-10 15:00,,25.54,603131,25.71,25.35,25.56,,10094.0
2017-11-13 10:30,,24.99,603131,25.61,24.91,25.43,,14671.0
2017-11-13 11:30,,24.98,603131,25.22,24.9,24.99,,4519.0
2017-11-13 14:00,,25.18,603131,25.29,24.91,24.98,,3778.0
2017-11-13 15:00,,25.27,603131,25.3,25.02,25.18,,5627.0
2017-11-14 10:30,,25.14,603131,25.29,24.77,25.26,,11254.0
2017-11-14 11:30,,25.08,603131,25.15,24.92,25.14,,3955.0
2017-11-14 14:00,,25.3,603131,25.46,25.08,25.08,,6471.0
2017-11-14 15:00,,25.79,603131,25.96,25.14,25.3,,17177.0
2017-11-15 10:30,,25.4,603131,25.81,25.21,25.81,,11118.0
2017-11-15 11:30,,25.13,603131,25.45,25.03,25.4,,6162.0
2017-11-15 14:00,,25.58,603131,25.8,25.01,25.13,,7811.0
2017-11-15 15:00,,25.35,603131,25.92,25.18,25.58,,9734.0
2017-11-16 10:30,,26.25,603131,26.5,25.07,25.07,,31870.0
2017-11-16 11:30,,27.1,603131,27.5,26.26,26.26,,23810.0
2017-11-16 14:00,,26.85,603131,27.19,26.7,27.1,,8054.0
2017-11-16 15:00,,26.57,603131,27.04,26.48,26.8,,13279.0
2017-11-17 10:30,,25.41,603131,26.28,25.19,26.09,,22920.0
2017-11-17 11:30,,25.35,603131,25.7,25.27,25.41,,5379.0
2017-11-17 14:00,,25.3,603131,25.55,25.12,25.36,,5801.0
2017-11-17 15:00,,24.08,603131,25.3,24.0,25.3,,16975.0
2017-11-20 10:30,,22.44,603131,23.61,22.0,23.11,,19463.0
2017-11-20 11:30,,22.64,603131,22.8,22.42,22.44,,4185.0
2017-11-20 14:00,,22.75,603131,22.85,22.61,22.64,,2367.0
2017-11-20 15:00,,22.86,603131,22.88,22.6,22.75,,7736.0
2017-11-21 10:30,,22.88,603131,23.21,22.51,22.8,,7591.0
2017-11-21 11:30,,22.8,603131,22.97,22.67,22.87,,3267.0
2017-11-21 14:00,,22.54,603131,22.83,22.3,22.8,,3810.0
2017-11-21 15:00,,22.51,603131,22.63,22.4,22.54,,4214.0
2017-11-22 10:30,,22.51,603131,22.7,22.22,22.25,,6751.0
2017-11-22 11:30,,22.49,603131,22.64,22.49,22.51,,2721.0
2017-11-22 14:00,,22.44,603131,22.69,22.33,22.49,,4160.0
2017-11-22 15:00,,23.39,603131,23.58,22.43,22.43,,11519.0
2017-11-23 10:30,,22.86,603131,23.15,22.77,23.0,,7221.0
2017-11-23 11:30,,22.61,603131,22.96,22.51,22.86,,3432.0
2017-11-23 14:00,,22.66,603131,22.78,22.57,22.61,,2021.0
2017-11-23 15:00,,22.04,603131,22.7,22.02,22.66,,6924.0
2017-11-24 10:30,,21.7,603131,21.99,21.51,21.51,,6526.0
2017-11-24 11:30,,21.8,603131,21.92,21.61,21.7,,1439.0
2017-11-24 14:00,,21.78,603131,21.92,21.69,21.8,,1316.0
2017-11-24 15:00,,21.52,603131,21.88,21.5,21.78,,5461.0
2017-11-27 10:30,,21.83,603131,21.97,21.18,21.5,,4778.0
2017-11-27 11:30,,21.75,603131,21.88,21.71,21.83,,1548.0
2017-11-27 14:00,,21.6,603131,21.85,21.6,21.75,,929.0
2017-11-27 15:00,,21.33,603131,21.61,21.24,21.6,,3596.0
2017-11-28 10:30,,21.51,603131,21.7,21.34,21.34,,1914.0
2017-11-28 11:30,,21.41,603131,21.6,21.22,21.51,,1620.0
2017-11-28 14:00,,21.56,603131,21.59,21.35,21.41,,2043.0
2017-11-28 15:00,,21.61,603131,21.62,21.38,21.56,,3435.0
2017-11-29 10:30,,21.42,603131,21.83,21.42,21.61,,3540.0
2017-11-29 11:30,,21.52,603131,21.63,21.38,21.42,,1699.0
2017-11-29 14:00,,21.44,603131,21.52,21.39,21.52,,1970.0
2017-11-29 15:00,,21.41,603131,21.5,21.3,21.44,,4263.0
2017-11-30 10:30,,21.33,603131,21.49,21.15,21.36,,3273.0
2017-11-30 11:30,,21.23,603131,21.38,21.18,21.33,,1981.0
2017-11-30 14:00,,21.22,603131,21.33,21.21,21.23,,1355.0
2017-11-30 15:00,,21.18,603131,21.28,21.1,21.22,,3289.0
2017-12-01 10:30,,21.35,603131,21.35,21.06,21.18,,3628.0
2017-12-01 11:30,,21.28,603131,21.49,21.25,21.35,,2038.0
2017-12-01 14:00,,21.27,603131,21.36,21.23,21.28,,786.0
2017-12-01 15:00,,21.34,603131,21.37,21.25,21.27,,2910.0
2017-12-04 10:30,,20.6,603131,21.29,20.59,21.29,,5399.0
2017-12-04 11:30,,20.74,603131,20.83,20.6,20.6,,2837.0
2017-12-04 14:00,,20.41,603131,20.74,20.3,20.74,,4378.0
2017-12-04 15:00,,20.12,603131,20.43,20.06,20.41,,5921.0
2017-12-05 10:30,,20.08,603131,20.38,20.0,20.12,,3412.0
2017-12-05 11:30,,20.15,603131,20.2,20.07,20.08,,1862.0
2017-12-05 14:00,,19.53,603131,20.16,19.47,20.15,,4532.0
2017-12-05 15:00,,19.22,603131,19.64,18.88,19.53,,6553.0
2017-12-06 10:30,,19.16,603131,19.39,18.91,19.2,,2730.0
2017-12-06 11:30,,19.11,603131,19.19,19.0,19.16,,1972.0
2017-12-06 14:00,,18.92,603131,19.12,18.9,19.11,,2132.0
2017-12-06 15:00,,19.29,603131,19.32,18.9,18.92,,4816.0
2017-12-07 10:30,,19.33,603131,19.4,19.03,19.11,,2627.0
2017-12-07 11:30,,20.03,603131,20.3,19.33,19.33,,7762.0
2017-12-07 14:00,,19.91,603131,20.05,19.75,20.03,,1824.0
2017-12-07 15:00,,19.72,603131,19.95,19.7,19.91,,3772.0
2017-12-08 10:30,,19.78,603131,19.95,19.42,19.76,,4639.0
2017-12-08 11:30,,19.74,603131,19.88,19.66,19.78,,1347.0
2017-12-08 14:00,,19.78,603131,19.93,19.71,19.76,,2755.0
2017-12-08 15:00,,19.86,603131,19.9,19.74,19.78,,2869.0
2017-12-11 10:30,,19.89,603131,19.93,19.6,19.79,,2364.0
2017-12-11 11:30,,19.87,603131,19.94,19.85,19.89,,1499.0
2017-12-11 14:00,,19.95,603131,19.95,19.85,19.87,,1071.0
2017-12-11 15:00,,19.98,603131,19.98,19.85,19.95,,3233.0
2017-12-12 10:30,,19.9,603131,20.09,19.76,19.9,,2182.0
2017-12-12 11:30,,19.92,603131,19.96,19.81,19.9,,778.0
2017-12-12 14:00,,19.74,603131,19.92,19.73,19.92,,1730.0
2017-12-12 15:00,,19.62,603131,19.81,19.57,19.74,,2956.0
2017-12-13 10:30,,19.76,603131,19.78,19.48,19.62,,1546.0
2017-12-13 11:30,,19.59,603131,19.76,19.55,19.76,,957.0
2017-12-13 14:00,,19.72,603131,19.75,19.59,19.59,,1168.0
2017-12-13 15:00,,19.8,603131,19.89,19.64,19.72,,2042.0
2017-12-14 10:30,,19.82,603131,19.86,19.69,19.69,,1449.0
2017-12-14 11:30,,19.76,603131,19.79,19.62,19.75,,1235.0
2017-12-14 14:00,,19.72,603131,19.76,19.66,19.76,,768.0
2017-12-14 15:00,,19.68,603131,19.75,19.64,19.72,,1610.0
2017-12-15 10:30,,19.82,603131,19.84,19.6,19.78,,3147.0
2017-12-15 11:30,,19.9,603131,19.99,19.81,19.82,,3363.0
2017-12-15 14:00,,19.91,603131,19.98,19.84,19.9,,1271.0
2017-12-15 15:00,,19.92,603131,19.95,19.81,19.91,,2686.0
2017-12-18 10:30,,19.91,603131,20.09,19.75,19.75,,2356.0
2017-12-18 11:30,,19.91,603131,19.91,19.8,19.91,,1316.0
2017-12-18 14:00,,19.87,603131,19.92,19.81,19.91,,806.0
2017-12-18 15:00,,19.9,603131,19.94,19.82,19.87,,1508.0
2017-12-19 10:30,,20.14,603131,20.23,19.94,19.99,,2190.0
2017-12-19 11:30,,20.0,603131,20.14,19.96,20.14,,1238.0
2017-12-19 14:00,,19.98,603131,20.09,19.97,20.0,,999.0
2017-12-19 15:00,,20.05,603131,20.1,19.92,19.98,,1946.0
2017-12-20 10:30,,19.85,603131,20.09,19.76,19.99,,2135.0
2017-12-20 11:30,,19.66,603131,19.86,19.66,19.85,,1321.0
2017-12-20 14:00,,19.66,603131,19.74,19.62,19.68,,1067.0
2017-12-20 15:00,,19.5,603131,19.7,19.48,19.66,,2426.0
2017-12-21 10:30,,18.82,603131,19.5,18.52,19.48,,5780.0
2017-12-21 11:30,,19.04,603131,19.1,18.77,18.82,,2019.0
2017-12-21 14:00,,19.02,603131,19.06,18.96,19.04,,1462.0
2017-12-21 15:00,,19.04,603131,19.1,18.98,19.02,,2379.0
2017-12-22 10:30,,18.93,603131,19.14,18.9,19.04,,2176.0
2017-12-22 11:30,,18.92,603131,19.05,18.9,18.93,,1278.0
2017-12-22 14:00,,18.96,603131,19.04,18.93,18.93,,529.0
2017-12-22 15:00,,18.77,603131,18.97,18.76,18.96,,2566.0
2017-12-25 10:30,,18.51,603131,18.89,18.51,18.8,,2391.0
2017-12-25 11:30,,18.3,603131,18.51,18.22,18.51,,2425.0
2017-12-25 14:00,,18.28,603131,18.33,18.11,18.3,,1883.0
2017-12-25 15:00,,18.3,603131,18.32,18.16,18.28,,1822.0
2017-12-26 10:30,,18.52,603131,18.64,18.23,18.47,,2570.0
2017-12-26 11:30,,18.53,603131,18.6,18.4,18.52,,1029.0
2017-12-26 14:00,,18.69,603131,18.76,18.53,18.53,,1735.0
2017-12-26 15:00,,18.77,603131,18.85,18.66,18.69,,2917.0
2017-12-27 10:30,,18.81,603131,18.84,18.61,18.76,,1708.0
2017-12-27 11:30,,18.86,603131,18.88,18.66,18.81,,1152.0
2017-12-27 14:00,,18.83,603131,18.87,18.76,18.86,,1005.0
2017-12-27 15:00,,20.65,603131,20.65,18.7,18.83,,19814.0
2017-12-28 10:30,,21.34,603131,22.08,20.5,20.65,,32195.0
2017-12-28 11:30,,21.29,603131,21.46,21.22,21.34,,3697.0
2017-12-28 14:00,,21.24,603131,21.33,21.16,21.29,,2724.0
2017-12-28 15:00,,20.97,603131,21.25,20.84,21.24,,8159.0
2017-12-29 10:30,,20.21,603131,20.7,20.1,20.33,,11309.0
2017-12-29 11:30,,20.28,603131,20.4,20.0,20.21,,3484.0
2017-12-29 14:00,,20.58,603131,20.72,20.28,20.28,,3181.0
2017-12-29 15:00,,21.24,603131,21.5,20.58,20.58,,10622.0
2018-01-02 10:30,,21.15,603131,21.5,20.95,20.98,,8062.0
2018-01-02 11:30,,21.15,603131,21.23,20.98,21.15,,2848.0
2018-01-02 14:00,,21.14,603131,21.28,21.14,21.15,,1942.0
2018-01-02 15:00,,21.14,603131,21.21,21.08,21.14,,4647.0
2018-01-03 10:30,,21.17,603131,21.32,20.9,21.02,,4027.0
2018-01-03 11:30,,21.14,603131,21.21,21.1,21.17,,2815.0
2018-01-03 14:00,,21.11,603131,21.2,21.11,21.14,,2029.0
2018-01-03 15:00,,20.72,603131,21.12,20.68,21.11,,7879.0
2018-01-04 10:30,,20.85,603131,21.29,20.8,21.02,,7412.0
2018-01-04 11:30,,20.83,603131,20.97,20.72,20.85,,1748.0
2018-01-04 14:00,,20.76,603131,20.91,20.66,20.83,,2507.0
2018-01-04 15:00,,20.86,603131,20.89,20.7,20.76,,2775.0
2018-01-05 10:30,,20.61,603131,20.88,20.38,20.38,,4973.0
2018-01-05 11:30,,20.68,603131,20.7,20.61,20.61,,1015.0
2018-01-05 14:00,,20.51,603131,20.68,20.41,20.68,,2613.0
2018-01-05 15:00,,20.46,603131,20.57,20.45,20.51,,2647.0
2018-01-08 10:30,,20.22,603131,20.6,20.02,20.47,,4550.0
2018-01-08 11:30,,20.35,603131,20.4,20.19,20.22,,1272.0
2018-01-08 14:00,,21.29,603131,21.95,20.32,20.35,,14674.0
2018-01-08 15:00,,21.37,603131,21.45,21.16,21.29,,6044.0
2018-01-09 10:30,,21.25,603131,21.4,21.11,21.4,,5386.0
2018-01-09 11:30,,21.19,603131,21.26,21.09,21.23,,2553.0
2018-01-09 14:00,,21.09,603131,21.22,21.06,21.19,,1969.0
2018-01-09 15:00,,21.05,603131,21.09,20.85,21.09,,4703.0
2018-01-10 10:30,,20.85,603131,21.16,20.83,21.05,,2692.0
2018-01-10 11:30,,20.64,603131,20.9,20.57,20.85,,3307.0
2018-01-10 14:00,,20.3,603131,20.7,20.26,20.64,,3890.0
2018-01-10 15:00,,20.34,603131,20.52,20.29,20.3,,3480.0
2018-01-11 10:30,,20.36,603131,20.59,20.31,20.34,,3116.0
2018-01-11 11:30,,20.48,603131,20.53,20.35,20.36,,1607.0
2018-01-11 14:00,,20.75,603131,20.86,20.43,20.48,,3352.0
2018-01-11 15:00,,20.63,603131,20.75,20.56,20.75,,2639.0
2018-01-12 10:30,,20.6,603131,20.73,20.47,20.73,,2574.0
2018-01-12 11:30,,20.39,603131,20.6,20.3,20.6,,1973.0
2018-01-12 14:00,,20.29,603131,20.49,20.21,20.39,,2110.0
2018-01-12 15:00,,20.21,603131,20.43,20.2,20.29,,2849.0
2018-01-15 10:30,,20.59,603131,20.79,19.8,20.14,,6915.0
2018-01-15 11:30,,20.55,603131,20.69,20.53,20.59,,1355.0
2018-01-15 14:00,,20.55,603131,20.68,20.45,20.55,,2150.0
2018-01-15 15:00,,20.23,603131,20.55,20.03,20.55,,3300.0
2018-01-16 10:30,,20.04,603131,20.2,19.83,20.0,,4331.0
2018-01-16 11:30,,20.2,603131,20.32,20.04,20.04,,1580.0
2018-01-16 14:00,,20.16,603131,20.38,20.16,20.2,,1227.0
2018-01-16 15:00,,20.24,603131,20.32,20.1,20.16,,3044.0
2018-01-17 10:30,,20.9,603131,20.97,20.11,20.29,,7952.0
2018-01-17 11:30,,20.81,603131,20.92,20.63,20.9,,3897.0
2018-01-17 14:00,,20.85,603131,20.86,20.7,20.81,,2739.0
2018-01-17 15:00,,21.15,603131,21.63,20.83,20.85,,10792.0
2018-01-18 10:30,,20.83,603131,21.15,20.7,20.88,,8449.0
2018-01-18 11:30,,20.74,603131,20.9,20.7,20.83,,2327.0
2018-01-18 14:00,,20.5,603131,20.82,20.36,20.74,,4303.0
2018-01-18 15:00,,20.69,603131,20.77,20.49,20.5,,3090.0
2018-01-19 10:30,,21.33,603131,21.8,20.56,20.68,,13481.0
2018-01-19 11:30,,21.09,603131,21.35,21.09,21.34,,2751.0
2018-01-19 14:00,,21.39,603131,21.53,21.1,21.11,,4369.0
2018-01-19 15:00,,21.37,603131,21.45,21.05,21.39,,5759.0
2018-01-22 10:30,,22.3,603131,22.49,20.77,21.1,,19008.0
2018-01-22 11:30,,22.31,603131,22.39,22.1,22.3,,7778.0
2018-01-22 14:00,,22.7,603131,23.29,22.22,22.31,,15839.0
2018-01-22 15:00,,22.63,603131,22.74,22.45,22.7,,7097.0
2018-01-23 10:30,,22.27,603131,22.6,22.06,22.36,,11360.0
2018-01-23 11:30,,22.24,603131,22.33,22.04,22.27,,5477.0
2018-01-23 14:00,,22.31,603131,22.38,22.06,22.24,,4029.0
2018-01-23 15:00,,22.42,603131,22.45,22.14,22.31,,5103.0
2018-01-24 10:30,,22.07,603131,22.45,21.85,22.45,,8836.0
2018-01-24 11:30,,22.04,603131,22.08,21.9,22.07,,3006.0
2018-01-24 14:00,,21.91,603131,22.2,21.91,22.04,,3220.0
2018-01-24 15:00,,21.96,603131,22.12,21.9,21.91,,5930.0
2018-01-25 10:30,,22.06,603131,22.33,21.66,21.96,,6459.0
2018-01-25 11:30,,22.09,603131,22.14,21.92,22.06,,2122.0
2018-01-25 14:00,,21.91,603131,22.11,21.9,22.09,,2897.0
2018-01-25 15:00,,21.55,603131,21.99,21.51,21.91,,6359.0
2018-01-26 10:30,,21.49,603131,21.67,21.15,21.15,,3508.0
2018-01-26 11:30,,21.87,603131,21.88,21.41,21.49,,3837.0
2018-01-26 14:00,,21.63,603131,21.87,21.62,21.87,,1751.0
2018-01-26 15:00,,21.56,603131,21.65,21.4,21.63,,3421.0
2018-01-29 10:30,,22.27,603131,22.58,21.7,21.95,,11964.0
2018-01-29 11:30,,21.88,603131,22.38,21.81,22.27,,4679.0
2018-01-29 14:00,,21.88,603131,22.12,21.85,21.88,,2235.0
2018-01-29 15:00,,21.8,603131,22.08,21.78,21.88,,3605.0
2018-01-30 10:30,,21.8,603131,21.96,21.3,21.6,,4360.0
2018-01-30 11:30,,22.1,603131,22.44,21.78,21.8,,5646.0
2018-01-30 14:00,,22.15,603131,22.22,22.08,22.08,,1961.0
2018-01-30 15:00,,22.24,603131,22.4,22.14,22.15,,7124.0
2018-01-31 10:30,,21.9,603131,22.19,21.5,22.0,,6212.0
2018-01-31 11:30,,21.88,603131,21.9,21.64,21.9,,2120.0
2018-01-31 14:00,,21.6,603131,21.94,21.33,21.88,,4733.0
2018-01-31 15:00,,21.39,603131,21.6,21.29,21.6,,5129.0
2018-02-01 10:30,,20.28,603131,21.55,20.2,21.15,,8444.0
2018-02-01 11:30,,20.35,603131,20.6,20.23,20.29,,3422.0
2018-02-01 14:00,,19.99,603131,20.35,19.52,20.35,,4302.0
2018-02-01 15:00,,19.6,603131,20.13,19.59,19.99,,4969.0
2018-02-02 10:30,,19.37,603131,19.72,18.7,19.6,,4581.0
2018-02-02 11:30,,19.3,603131,19.52,19.25,19.37,,1550.0
2018-02-02 14:00,,19.02,603131,19.4,19.02,19.3,,1093.0
2018-02-02 15:00,,19.36,603131,19.67,18.88,19.02,,3593.0
2018-02-05 10:30,,19.37,603131,19.58,18.8,18.91,,2760.0
2018-02-05 11:30,,19.45,603131,19.45,19.35,19.37,,691.0
2018-02-05 14:00,,19.26,603131,19.47,19.22,19.45,,1584.0
2018-02-05 15:00,,19.38,603131,19.4,19.16,19.26,,2047.0
2018-02-06 10:30,,18.95,603131,19.26,18.88,19.26,,3456.0
2018-02-06 11:30,,18.6,603131,18.97,18.56,18.95,,1754.0
2018-02-06 14:00,,18.54,603131,18.62,18.15,18.6,,3546.0
2018-02-06 15:00,,17.57,603131,18.54,17.5,18.54,,4967.0
2018-02-07 10:30,,17.76,603131,18.45,17.7,18.1,,4518.0
2018-02-07 11:30,,18.0,603131,18.04,17.38,17.76,,3158.0
2018-02-07 14:00,,17.97,603131,18.15,17.85,18.0,,967.0
2018-02-07 15:00,,17.88,603131,18.01,17.7,17.97,,1549.0
2018-02-08 10:30,,18.06,603131,18.16,17.57,17.57,,1998.0
2018-02-08 11:30,,18.0,603131,18.12,17.93,18.06,,1692.0
2018-02-08 14:00,,17.98,603131,18.05,17.91,18.0,,659.0
2018-02-08 15:00,,17.98,603131,17.99,17.9,17.98,,1958.0
2018-02-09 10:30,,17.64,603131,17.67,17.18,17.18,,2764.0
2018-02-09 11:30,,17.47,603131,17.64,17.21,17.64,,1671.0
2018-02-09 14:00,,17.21,603131,17.47,17.2,17.47,,1359.0
2018-02-09 15:00,,17.3,603131,17.33,17.05,17.21,,2099.0
2018-02-12 10:30,,17.5,603131,17.63,17.35,17.35,,1691.0
2018-02-12 11:30,,17.61,603131,17.65,17.46,17.5,,748.0
2018-02-12 14:00,,17.72,603131,17.72,17.55,17.61,,960.0
2018-02-12 15:00,,17.84,603131,17.89,17.68,17.72,,2244.0
2018-02-13 10:30,,17.98,603131,18.2,17.83,17.85,,1576.0
2018-02-13 11:30,,17.96,603131,17.98,17.83,17.98,,928.0
2018-02-13 14:00,,17.76,603131,17.96,17.73,17.96,,1091.0
2018-02-13 15:00,,17.77,603131,17.82,17.66,17.76,,1541.0
2018-02-14 10:30,,17.83,603131,17.98,17.72,17.79,,882.0
2018-02-14 11:30,,17.86,603131,17.93,17.75,17.83,,473.0
2018-02-14 14:00,,17.96,603131,17.98,17.85,17.9,,637.0
2018-02-14 15:00,,17.69,603131,17.96,17.63,17.96,,1627.0
2018-02-22 10:30,,18.01,603131,18.28,17.69,17.81,,1869.0
2018-02-22 11:30,,18.05,603131,18.09,17.97,18.01,,703.0
2018-02-22 14:00,,18.14,603131,18.23,18.03,18.05,,1081.0
2018-02-22 15:00,,18.1,603131,18.2,18.1,18.14,,1617.0
2018-02-23 10:30,,18.17,603131,18.24,18.03,18.17,,1862.0
2018-02-23 11:30,,18.11,603131,18.24,18.05,18.17,,1430.0
2018-02-23 14:00,,18.18,603131,18.18,18.06,18.11,,1093.0
2018-02-23 15:00,,18.24,603131,18.32,18.14,18.18,,2463.0
2018-02-26 10:30,,18.28,603131,18.5,18.21,18.33,,2254.0
2018-02-26 11:30,,18.46,603131,18.51,18.28,18.28,,1409.0
2018-02-26 14:00,,19.03,603131,19.29,18.44,18.46,,4916.0
2018-02-26 15:00,,19.07,603131,19.15,18.82,19.03,,2973.0
2018-02-27 10:30,,18.84,603131,19.0,18.76,19.0,,2299.0
2018-02-27 11:30,,18.96,603131,19.15,18.83,18.84,,1521.0
2018-02-27 14:00,,19.03,603131,19.12,18.92,18.96,,1841.0
2018-02-27 15:00,,18.76,603131,19.03,18.7,19.03,,7966.0
2018-02-28 10:30,,18.52,603131,18.68,18.18,18.68,,3448.0
2018-02-28 11:30,,18.52,603131,18.61,18.5,18.52,,986.0
2018-02-28 14:00,,18.5,603131,18.59,18.44,18.52,,1312.0
2018-02-28 15:00,,18.58,603131,18.64,18.5,18.5,,1612.0
2018-03-01 10:30,,19.03,603131,19.28,18.12,18.5,,5263.0
2018-03-01 11:30,,18.99,603131,19.05,18.93,19.03,,894.0
2018-03-01 14:00,,18.93,603131,19.01,18.89,18.99,,841.0
2018-03-01 15:00,,18.97,603131,18.98,18.73,18.93,,2671.0
2018-03-02 10:30,,19.1,603131,19.1,18.7,18.79,,2612.0
2018-03-02 11:30,,19.03,603131,19.3,19.01,19.1,,4054.0
2018-03-02 14:00,,18.92,603131,19.03,18.92,19.03,,968.0
2018-03-02 15:00,,18.76,603131,18.92,18.64,18.92,,2403.0
2018-03-05 10:30,,18.95,603131,19.16,18.7,18.71,,2898.0
2018-03-05 11:30,,18.96,603131,19.0,18.8,18.95,,1337.0
2018-03-05 14:00,,18.99,603131,19.0,18.93,18.96,,704.0
2018-03-05 15:00,,18.96,603131,18.99,18.92,18.99,,1670.0
2018-03-06 10:30,,18.96,603131,19.09,18.85,18.98,,1866.0
2018-03-06 11:30,,19.02,603131,19.04,18.96,18.96,,1343.0
2018-03-06 14:00,,19.07,603131,19.19,19.02,19.02,,2321.0
2018-03-06 15:00,,19.15,603131,19.17,19.05,19.07,,2975.0
2018-03-07 10:30,,19.17,603131,19.27,19.07,19.15,,2010.0
2018-03-07 11:30,,19.11,603131,19.18,19.09,19.17,,1580.0
2018-03-07 14:00,,18.95,603131,19.11,18.86,19.11,,1523.0
2018-03-07 15:00,,18.84,603131,18.95,18.8,18.95,,2181.0
2018-03-08 10:30,,18.79,603131,18.95,18.56,18.83,,2377.0
2018-03-08 11:30,,18.72,603131,18.85,18.7,18.79,,1565.0
2018-03-08 14:00,,18.72,603131,18.83,18.71,18.72,,1482.0
2018-03-08 15:00,,18.92,603131,18.95,18.72,18.72,,2369.0
2018-03-09 10:30,,18.95,603131,19.1,18.87,19.1,,1814.0
2018-03-09 11:30,,19.9,603131,20.3,18.93,18.93,,14098.0
2018-03-09 14:00,,19.86,603131,20.01,19.83,19.9,,3218.0
2018-03-09 15:00,,19.7,603131,19.86,19.66,19.86,,4368.0
2018-03-12 10:30,,20.24,603131,20.41,19.62,19.7,,12004.0
2018-03-12 11:30,,20.08,603131,20.25,19.97,20.24,,3525.0
2018-03-12 14:00,,20.06,603131,20.18,20.04,20.08,,1378.0
2018-03-12 15:00,,20.16,603131,20.23,20.02,20.06,,3193.0
2018-03-13 10:30,,20.07,603131,20.36,19.98,20.36,,5582.0
2018-03-13 11:30,,20.19,603131,20.2,20.0,20.07,,2116.0
2018-03-13 14:00,,20.18,603131,20.33,20.1,20.19,,2059.0
2018-03-13 15:00,,20.02,603131,20.2,20.0,20.18,,3265.0
2018-03-14 10:30,,20.09,603131,20.13,19.81,19.89,,2898.0
2018-03-14 11:30,,20.03,603131,20.1,20.02,20.04,,1085.0
2018-03-14 14:00,,20.03,603131,20.07,20.0,20.07,,3211.0
2018-03-14 15:00,,19.82,603131,20.06,19.8,20.03,,3311.0
2018-03-15 10:30,,19.65,603131,19.86,19.62,19.75,,2669.0
2018-03-15 11:30,,19.55,603131,19.7,19.49,19.65,,1652.0
2018-03-15 14:00,,19.03,603131,19.55,19.01,19.55,,3606.0
2018-03-15 15:00,,19.16,603131,19.2,18.92,19.03,,4021.0
2018-03-16 10:30,,19.28,603131,19.35,19.03,19.24,,2268.0
2018-03-16 11:30,,19.25,603131,19.32,19.21,19.28,,1105.0
2018-03-16 14:00,,19.25,603131,19.32,19.17,19.25,,1406.0
2018-03-16 15:00,,19.25,603131,19.37,19.22,19.25,,2386.0
2018-03-19 10:30,,19.24,603131,19.39,19.1,19.24,,2658.0
2018-03-19 11:30,,20.1,603131,20.31,19.23,19.24,,13370.0
2018-03-19 14:00,,19.98,603131,20.12,19.96,20.1,,1665.0
2018-03-19 15:00,,20.12,603131,20.14,19.91,19.98,,3673.0
2018-03-20 10:30,,19.66,603131,19.89,19.6,19.81,,7300.0
2018-03-20 11:30,,19.7,603131,19.79,19.62,19.65,,1344.0
2018-03-20 14:00,,19.77,603131,19.78,19.63,19.68,,1689.0
2018-03-20 15:00,,19.8,603131,19.96,19.75,19.78,,2682.0
2018-03-21 10:30,,19.94,603131,20.12,19.78,19.85,,3662.0
2018-03-21 11:30,,20.07,603131,20.08,19.86,19.93,,1768.0
2018-03-21 14:00,,20.0,603131,20.09,19.88,20.02,,2082.0
2018-03-21 15:00,,19.59,603131,20.0,19.56,20.0,,3982.0
2018-03-22 10:30,,19.71,603131,19.8,19.59,19.59,,2027.0
2018-03-22 11:30,,19.7,603131,19.78,19.66,19.71,,1104.0
2018-03-22 14:00,,19.83,603131,19.98,19.7,19.7,,1700.0
2018-03-22 15:00,,19.73,603131,19.83,19.7,19.83,,2163.0
2018-03-23 10:30,,18.97,603131,19.31,18.7,18.89,,4309.0
2018-03-23 11:30,,18.33,603131,19.0,18.3,18.97,,4188.0
2018-03-23 14:00,,17.95,603131,18.35,17.9,18.35,,5144.0
2018-03-23 15:00,,17.91,603131,18.07,17.81,17.95,,6182.0
2018-03-26 10:30,,18.0,603131,18.0,17.25,17.95,,3862.0
2018-03-26 11:30,,17.98,603131,18.25,17.92,18.0,,2212.0
2018-03-26 14:00,,17.93,603131,18.0,17.88,17.98,,667.0
2018-03-26 15:00,,18.22,603131,18.24,17.93,17.93,,2226.0
2018-03-27 10:30,,18.54,603131,18.68,18.32,18.5,,4031.0
2018-03-27 11:30,,18.71,603131,18.8,18.53,18.54,,1862.0
2018-03-27 14:00,,18.57,603131,18.75,18.5,18.71,,1437.0
2018-03-27 15:00,,18.6,603131,18.62,18.48,18.57,,1856.0
2018-03-28 10:30,,18.51,603131,18.62,18.22,18.51,,2502.0
2018-03-28 11:30,,18.42,603131,18.64,18.42,18.51,,1130.0
2018-03-28 14:00,,18.53,603131,18.56,18.4,18.42,,1672.0
2018-03-28 15:00,,18.56,603131,18.75,18.46,18.53,,2587.0
2018-03-29 10:30,,19.65,603131,19.89,18.6,18.61,,8923.0
2018-03-29 11:30,,19.26,603131,19.66,19.25,19.65,,4128.0
2018-03-29 14:00,,19.41,603131,19.47,19.2,19.26,,2296.0
2018-03-29 15:00,,19.4,603131,19.68,19.37,19.41,,4839.0
2018-03-30 10:30,,19.49,603131,19.63,19.13,19.2,,5965.0
2018-03-30 11:30,,19.42,603131,19.57,19.4,19.49,,1688.0
2018-03-30 14:00,,19.7,603131,19.75,19.42,19.42,,3760.0
2018-03-30 15:00,,19.78,603131,20.16,19.6,19.64,,8147.0
2018-04-02 10:30,,19.77,603131,20.0,19.5,19.67,,4761.0
2018-04-02 11:30,,19.75,603131,19.85,19.67,19.77,,1910.0
2018-04-02 14:00,,19.78,603131,19.9,19.69,19.75,,2750.0
2018-04-02 15:00,,19.75,603131,19.81,19.55,19.78,,4870.0
2018-04-03 10:30,,19.49,603131,19.5,19.27,19.45,,3898.0
2018-04-03 11:30,,19.67,603131,19.86,19.46,19.49,,2236.0
2018-04-03 14:00,,19.55,603131,19.69,19.53,19.67,,1071.0
2018-04-03 15:00,,19.61,603131,19.74,19.54,19.55,,2152.0
2018-04-04 10:30,,20.12,603131,20.36,19.63,19.76,,9595.0
2018-04-04 11:30,,20.16,603131,20.22,20.09,20.12,,2699.0
2018-04-04 14:00,,19.99,603131,20.17,19.99,20.16,,2886.0
2018-04-04 15:00,,19.89,603131,20.0,19.75,19.99,,3455.0
2018-04-09 10:30,,20.08,603131,20.29,19.56,19.65,,6447.0
2018-04-09 11:30,,20.44,603131,20.49,20.07,20.08,,5000.0
2018-04-09 14:00,,20.32,603131,20.5,20.27,20.44,,3672.0
2018-04-09 15:00,,20.53,603131,20.63,20.2,20.34,,6881.0
2018-04-10 10:30,,20.16,603131,20.6,20.15,20.49,,6958.0
2018-04-10 11:30,,20.01,603131,20.35,20.0,20.16,,5280.0
2018-04-10 14:00,,20.05,603131,20.1,19.93,20.02,,2420.0
2018-04-10 15:00,,20.16,603131,20.18,19.96,20.05,,2654.0
2018-04-11 10:30,,20.35,603131,20.48,20.08,20.16,,3283.0
2018-04-11 11:30,,20.33,603131,20.41,20.28,20.35,,1787.0
2018-04-11 14:00,,20.34,603131,20.48,20.28,20.39,,2782.0
2018-04-11 15:00,,20.3,603131,20.35,20.14,20.34,,3163.0
2018-04-12 10:30,,19.83,603131,20.12,19.7,20.11,,6407.0
2018-04-12 11:30,,19.76,603131,19.94,19.71,19.83,,1914.0
2018-04-12 14:00,,19.7,603131,19.82,19.7,19.76,,1917.0
2018-04-12 15:00,,19.78,603131,19.83,19.7,19.7,,2574.0
2018-04-13 10:30,,19.71,603131,19.98,19.7,19.88,,2369.0
2018-04-13 11:30,,19.73,603131,19.78,19.6,19.71,,1360.0
2018-04-13 14:00,,19.66,603131,19.73,19.6,19.67,,1733.0
2018-04-13 15:00,,19.33,603131,19.68,19.31,19.66,,4211.0
2018-04-16 10:30,,19.23,603131,19.64,19.15,19.4,,3274.0
2018-04-16 11:30,,18.88,603131,19.31,18.88,19.23,,2492.0
2018-04-16 14:00,,18.96,603131,19.07,18.88,18.88,,2764.0
2018-04-16 15:00,,19.39,603131,19.45,18.89,18.96,,2570.0
2018-04-17 10:30,,19.24,603131,19.48,19.12,19.33,,2418.0
2018-04-17 11:30,,19.16,603131,19.37,19.15,19.24,,1293.0
2018-04-17 14:00,,18.93,603131,19.2,18.88,19.16,,1869.0
2018-04-17 15:00,,18.9,603131,19.05,18.88,18.93,,2992.0
2018-04-18 10:30,,18.8,603131,19.19,18.64,18.85,,2897.0
2018-04-18 11:30,,18.77,603131,18.86,18.7,18.8,,1210.0
2018-04-18 14:00,,19.13,603131,19.24,18.77,18.77,,2103.0
2018-04-18 15:00,,19.1,603131,19.2,19.07,19.13,,1302.0
2018-04-19 10:30,,19.14,603131,19.3,18.99,19.1,,1494.0
2018-04-19 11:30,,19.2,603131,19.23,19.13,19.14,,606.0
2018-04-19 14:00,,19.22,603131,19.24,19.17,19.19,,1526.0
2018-04-19 15:00,,19.05,603131,19.22,19.01,19.22,,2114.0
2018-04-20 10:30,,18.89,603131,19.05,18.65,19.05,,1702.0
2018-04-20 11:30,,18.75,603131,18.88,18.67,18.88,,1356.0
2018-04-20 14:00,,18.69,603131,18.76,18.6,18.75,,1074.0
2018-04-20 15:00,,18.67,603131,18.78,18.6,18.69,,2716.0
2018-04-23 10:30,,18.62,603131,18.88,18.51,18.51,,1760.0
2018-04-23 11:30,,18.6,603131,18.72,18.6,18.62,,592.0
2018-04-23 14:00,,18.52,603131,18.66,18.52,18.6,,1825.0
2018-04-23 15:00,,18.72,603131,18.77,18.52,18.52,,1245.0
2018-04-24 10:30,,18.92,603131,18.96,18.62,18.8,,2151.0
2018-04-24 11:30,,19.03,603131,19.09,18.9,18.92,,1542.0
2018-04-24 14:00,,18.94,603131,19.05,18.88,19.03,,1212.0
2018-04-24 15:00,,19.08,603131,19.1,18.94,18.94,,1991.0
2018-04-25 10:30,,19.23,603131,19.3,18.91,18.91,,2284.0
2018-04-25 11:30,,19.17,603131,19.27,19.08,19.23,,1401.0
2018-04-25 14:00,,19.17,603131,19.21,19.14,19.17,,472.0
2018-04-25 15:00,,19.21,603131,19.25,19.11,19.17,,1981.0
2018-04-26 10:30,,19.03,603131,19.21,18.9,19.18,,2074.0
2018-04-26 11:30,,18.84,603131,19.1,18.8,19.03,,1334.0
2018-04-26 14:00,,18.88,603131,18.95,18.82,18.84,,847.0
2018-04-26 15:00,,18.72,603131,18.9,18.71,18.88,,2685.0
2018-04-27 10:30,,17.82,603131,18.36,17.4,18.36,,10070.0
2018-04-27 11:30,,17.51,603131,17.82,17.5,17.82,,3291.0
2018-04-27 14:00,,17.53,603131,17.6,17.42,17.51,,3023.0
2018-04-27 15:00,,17.56,603131,17.6,17.51,17.53,,3407.0
2018-05-02 10:30,,17.59,603131,17.8,17.31,17.63,,1978.0
2018-05-02 11:30,,17.52,603131,17.59,17.5,17.59,,481.0
2018-05-02 14:00,,17.9,603131,18.04,17.51,17.52,,2837.0
2018-05-02 15:00,,18.0,603131,18.01,17.82,17.9,,2322.0
2018-05-03 10:30,,17.85,603131,18.22,17.8,18.22,,1292.0
2018-05-03 11:30,,18.05,603131,18.05,17.81,17.85,,484.0
2018-05-03 14:00,,18.1,603131,18.22,17.93,18.04,,959.0
2018-05-03 15:00,,17.93,603131,18.13,17.89,18.1,,2037.0
2018-05-04 10:30,,18.2,603131,18.46,18.1,18.1,,2227.0
2018-05-04 11:30,,18.0,603131,18.21,17.97,18.2,,696.0
2018-05-04 14:00,,18.16,603131,18.19,18.0,18.0,,565.0
2018-05-04 15:00,,18.0,603131,18.17,18.0,18.16,,1225.0
2018-05-07 10:30,,18.2,603131,18.25,17.95,18.25,,1382.0
2018-05-07 11:30,,18.1,603131,18.2,17.95,18.2,,1237.0
2018-05-07 14:00,,18.16,603131,18.24,18.1,18.1,,2251.0
2018-05-07 15:00,,18.16,603131,18.19,18.08,18.16,,1331.0
2018-05-08 10:30,,18.37,603131,18.44,17.98,18.19,,2631.0
2018-05-08 11:30,,18.34,603131,18.37,18.3,18.37,,650.0
2018-05-08 14:00,,18.47,603131,18.56,18.34,18.34,,2550.0
2018-05-08 15:00,,18.52,603131,18.65,18.46,18.47,,1879.0
2018-05-09 10:30,,18.46,603131,18.67,18.36,18.36,,1901.0
2018-05-09 11:30,,18.6,603131,18.66,18.4,18.46,,1485.0
2018-05-09 14:00,,18.52,603131,18.66,18.51,18.6,,1037.0
2018-05-09 15:00,,18.66,603131,18.67,18.52,18.52,,1916.0
2018-05-10 10:30,,18.71,603131,18.86,18.5,18.67,,2018.0
2018-05-10 11:30,,18.63,603131,18.75,18.6,18.71,,1597.0
2018-05-10 14:00,,18.45,603131,18.67,18.45,18.63,,1758.0
2018-05-10 15:00,,18.72,603131,18.75,18.4,18.45,,2181.0
2018-05-11 10:30,,18.7,603131,18.98,18.55,18.81,,1785.0
2018-05-11 11:30,,18.42,603131,18.75,18.4,18.7,,1689.0
2018-05-11 14:00,,18.37,603131,18.44,18.33,18.38,,1617.0
2018-05-11 15:00,,18.28,603131,18.41,18.22,18.37,,3142.0
2018-05-14 10:30,,18.3,603131,18.54,18.22,18.3,,1537.0
2018-05-14 11:30,,18.33,603131,18.38,18.28,18.3,,476.0
2018-05-14 14:00,,18.24,603131,18.33,18.21,18.33,,749.0
2018-05-14 15:00,,18.23,603131,18.33,18.23,18.24,,1294.0
2018-05-15 10:30,,18.24,603131,18.4,18.13,18.4,,1342.0
2018-05-15 11:30,,18.21,603131,18.29,18.2,18.24,,837.0
2018-05-15 14:00,,18.27,603131,18.35,18.21,18.21,,681.0
2018-05-15 15:00,,18.48,603131,18.52,18.27,18.27,,2606.0
2018-05-16 10:30,,18.23,603131,18.5,18.19,18.5,,1832.0
2018-05-16 11:30,,18.26,603131,18.32,18.23,18.23,,717.0
2018-05-16 14:00,,18.3,603131,18.37,18.26,18.26,,421.0
2018-05-16 15:00,,18.13,603131,18.3,18.12,18.3,,2928.0
2018-05-17 10:30,,18.14,603131,18.33,18.08,18.2,,819.0
2018-05-17 11:30,,18.14,603131,18.23,18.13,18.14,,500.0
2018-05-17 14:00,,18.14,603131,18.2,18.11,18.14,,414.0
2018-05-17 15:00,,18.15,603131,18.2,18.09,18.14,,1208.0
2018-05-18 10:30,,18.14,603131,18.26,18.05,18.08,,1014.0
2018-05-18 11:30,,18.14,603131,18.25,18.14,18.14,,789.0
2018-05-18 14:00,,18.07,603131,18.15,18.05,18.14,,750.0
2018-05-18 15:00,,18.21,603131,18.26,18.07,18.07,,1406.0
2018-05-21 10:30,,18.38,603131,18.45,18.2,18.2,,1937.0
2018-05-21 11:30,,18.44,603131,18.44,18.38,18.38,,787.0
2018-05-21 14:00,,18.49,603131,18.49,18.41,18.44,,1015.0
2018-05-21 15:00,,18.5,603131,18.51,18.41,18.49,,2012.0
2018-05-22 10:30,,18.47,603131,18.6,18.3,18.58,,1230.0
2018-05-22 11:30,,18.63,603131,18.77,18.44,18.47,,2577.0
2018-05-22 14:00,,18.56,603131,18.63,18.54,18.63,,786.0
2018-05-22 15:00,,18.6,603131,18.61,18.54,18.56,,1423.0
2018-05-23 10:30,,18.49,603131,18.63,18.34,18.57,,1364.0
2018-05-23 11:30,,18.55,603131,18.61,18.45,18.49,,893.0
2018-05-23 14:00,,18.46,603131,18.55,18.41,18.55,,617.0
2018-05-23 15:00,,18.43,603131,18.55,18.4,18.46,,1484.0
2018-05-24 10:30,,18.38,603131,18.55,18.25,18.54,,1069.0
2018-05-24 11:30,,18.36,603131,18.44,18.3,18.38,,673.0
2018-05-24 14:00,,18.32,603131,18.39,18.31,18.36,,625.0
2018-05-24 15:00,,18.23,603131,18.32,18.21,18.32,,1671.0
2018-05-25 10:30,,18.24,603131,18.44,18.23,18.43,,1602.0
2018-05-25 11:30,,18.34,603131,18.36,18.2,18.24,,1106.0
2018-05-25 14:00,,18.36,603131,18.36,18.27,18.34,,790.0
2018-05-25 15:00,,18.4,603131,18.5,18.29,18.36,,2823.0
2018-05-28 10:30,,18.33,603131,18.5,18.1,18.41,,2336.0
2018-05-28 11:30,,18.26,603131,18.34,18.24,18.33,,696.0
2018-05-28 14:00,,18.11,603131,18.31,18.1,18.26,,1109.0
2018-05-28 15:00,,17.83,603131,18.2,17.7,18.11,,3243.0
2018-05-29 10:30,,17.99,603131,18.1,17.85,17.85,,1423.0
2018-05-29 11:30,,17.68,603131,18.0,17.66,17.99,,2081.0
2018-05-29 14:00,,17.69,603131,17.83,17.67,17.68,,992.0
2018-05-29 15:00,,17.46,603131,17.69,17.26,17.69,,4726.0
2018-05-30 10:30,,16.45,603131,17.39,16.45,17.39,,5186.0
2018-05-30 11:30,,16.65,603131,16.74,16.45,16.45,,3071.0
2018-05-30 14:00,,16.87,603131,16.9,16.65,16.65,,1245.0
2018-05-30 15:00,,16.46,603131,16.88,16.3,16.87,,3144.0
2018-05-31 10:30,,18.11,603131,18.11,16.59,16.6,,13688.0
2018-05-31 11:30,,18.11,603131,18.11,18.11,18.11,,517.0
2018-05-31 14:00,,18.11,603131,18.11,18.11,18.11,,652.0
2018-05-31 15:00,,18.11,603131,18.11,18.11,18.11,,1446.0
2018-06-01 10:30,,18.75,603131,19.74,18.27,19.74,,22666.0
2018-06-01 11:30,,18.43,603131,18.8,18.43,18.75,,2333.0
2018-06-01 14:00,,18.38,603131,18.58,18.33,18.43,,1748.0
2018-06-01 15:00,,18.03,603131,18.46,18.0,18.38,,6072.0
2018-06-04 10:30,,17.39,603131,17.88,17.31,17.31,,7649.0
2018-06-04 11:30,,17.41,603131,17.58,17.32,17.39,,1885.0
2018-06-04 14:00,,17.75,603131,17.9,17.41,17.41,,2176.0
2018-06-04 15:00,,17.43,603131,17.85,17.38,17.75,,3217.0
2018-06-05 10:30,,17.85,603131,18.39,17.58,17.58,,6700.0
2018-06-05 11:30,,17.81,603131,17.88,17.71,17.85,,743.0
2018-06-05 14:00,,17.75,603131,17.81,17.72,17.81,,1671.0
2018-06-05 15:00,,17.76,603131,17.8,17.62,17.75,,3441.0
2018-06-06 10:30,,17.65,603131,17.79,17.41,17.45,,3466.0
2018-06-06 11:30,,17.55,603131,17.68,17.43,17.65,,1819.0
2018-06-06 14:00,,17.39,603131,17.6,17.35,17.55,,2794.0
2018-06-06 15:00,,17.46,603131,17.48,17.35,17.39,,2810.0
2018-06-07 10:30,,17.45,603131,17.72,17.31,17.46,,2027.0
2018-06-07 11:30,,17.35,603131,17.5,17.25,17.45,,1931.0
2018-06-07 14:00,,17.45,603131,17.47,17.33,17.35,,534.0
2018-06-07 15:00,,17.23,603131,17.45,17.22,17.45,,1953.0
2018-06-08 10:30,,17.25,603131,17.61,17.1,17.55,,3373.0
2018-06-08 11:30,,17.31,603131,17.4,17.23,17.25,,782.0
2018-06-08 14:00,,17.25,603131,17.38,17.22,17.31,,1176.0
2018-06-08 15:00,,17.47,603131,17.49,17.21,17.25,,2485.0
2018-06-11 10:30,,17.39,603131,17.49,17.21,17.28,,1981.0
2018-06-11 11:30,,17.49,603131,17.51,17.33,17.39,,720.0
2018-06-11 14:00,,17.32,603131,17.5,17.28,17.49,,919.0
2018-06-11 15:00,,17.29,603131,17.45,17.26,17.32,,1298.0
2018-06-12 10:30,,17.31,603131,17.47,17.18,17.47,,1726.0
2018-06-12 11:30,,17.28,603131,17.34,17.26,17.31,,1068.0
2018-06-12 14:00,,17.36,603131,17.36,17.27,17.27,,932.0
2018-06-12 15:00,,17.34,603131,17.42,17.2,17.36,,1890.0
2018-06-13 10:30,,17.27,603131,17.4,17.21,17.38,,1195.0
2018-06-13 11:30,,17.22,603131,17.3,17.16,17.27,,1310.0
2018-06-13 14:00,,17.26,603131,17.32,17.18,17.22,,708.0
2018-06-13 15:00,,17.09,603131,17.35,17.08,17.26,,1952.0
2018-06-14 10:30,,17.1,603131,17.24,17.03,17.08,,1529.0
2018-06-14 11:30,,17.08,603131,17.1,17.0,17.1,,899.0
2018-06-14 14:00,,16.88,603131,17.08,16.69,17.08,,1417.0
2018-06-14 15:00,,16.75,603131,16.9,16.7,16.88,,1901.0
2018-06-15 10:30,,16.61,603131,16.87,16.48,16.83,,2694.0
2018-06-15 11:30,,15.9,603131,16.64,15.8,16.61,,3803.0
2018-06-15 14:00,,16.4,603131,16.45,15.79,15.9,,3456.0
2018-06-15 15:00,,16.45,603131,16.5,16.2,16.4,,1649.0
2018-06-19 10:30,,15.91,603131,16.35,15.78,16.35,,2072.0
2018-06-19 11:30,,15.62,603131,15.98,15.51,15.91,,2143.0
2018-06-19 14:00,,15.2,603131,15.61,15.0,15.61,,3093.0
2018-06-19 15:00,,14.99,603131,15.2,14.81,15.2,,4420.0
2018-06-20 10:30,,15.08,603131,15.39,14.9,15.0,,1827.0
2018-06-20 11:30,,15.06,603131,15.08,14.86,15.08,,532.0
2018-06-20 14:00,,15.35,603131,15.36,15.06,15.06,,1185.0
2018-06-20 15:00,,15.3,603131,15.49,15.29,15.35,,1524.0
2018-06-21 10:30,,15.52,603131,15.55,15.21,15.3,,1625.0
2018-06-21 11:30,,15.25,603131,15.54,15.25,15.52,,815.0
2018-06-21 14:00,,15.18,603131,15.26,14.94,15.25,,971.0
2018-06-21 15:00,,14.95,603131,15.18,14.88,15.18,,1274.0
2018-06-22 10:30,,15.12,603131,15.29,14.7,14.7,,1650.0
2018-06-22 11:30,,15.2,603131,15.24,15.12,15.12,,318.0
2018-06-22 14:00,,15.15,603131,15.25,15.03,15.2,,490.0
2018-06-22 15:00,,15.3,603131,15.39,15.07,15.15,,1406.0
2018-06-25 10:30,,15.38,603131,15.57,15.18,15.56,,1416.0
2018-06-25 11:30,,15.37,603131,15.56,15.3,15.38,,1466.0
2018-06-25 14:00,,15.42,603131,15.51,15.3,15.37,,1101.0
2018-06-25 15:00,,15.31,603131,15.51,15.3,15.42,,824.0
2018-06-26 10:30,,15.26,603131,15.38,15.0,15.1,,1344.0
2018-06-26 11:30,,15.36,603131,15.38,15.26,15.26,,420.0
2018-06-26 14:00,,15.37,603131,15.45,15.32,15.36,,545.0
2018-06-26 15:00,,15.38,603131,15.42,15.36,15.37,,846.0
2018-06-27 10:30,,15.47,603131,15.52,15.18,15.49,,1208.0
2018-06-27 11:30,,15.38,603131,15.47,15.37,15.47,,454.0
2018-06-27 14:00,{},15.4,603131,15.4,15.21,15.38,11.82,591.0
2018-06-27 14:00,,15.4,603131,15.4,15.21,15.38,,591.0
2018-06-27 15:00,,15.38,603131,15.43,15.28,15.4,,1058.0
2018-06-27 15:00,{},15.38,603131,15.43,15.28,15.4,21.16,1058.0
2018-06-28 10:30,,15.32,603131,15.49,15.2,15.49,,743.0
2018-06-28 10:30,{},15.32,603131,15.49,15.2,15.49,14.86,743.0
2018-06-28 11:30,,15.42,603131,15.42,15.29,15.32,,471.0
2018-06-28 11:30,{},15.42,603131,15.42,15.29,15.32,9.42,471.0
2018-06-28 14:00,,15.24,603131,15.42,15.24,15.42,,761.0
2018-06-28 14:00,{},15.24,603131,15.42,15.24,15.42,15.22,761.0
2018-06-28 15:00,{},15.08,603131,15.38,14.9,15.24,29.58,1479.0
2018-06-28 15:00,,15.08,603131,15.38,14.9,15.24,,1479.0
2018-06-29 10:30,{},14.97,603131,15.08,14.84,15.04,16.86,843.0
2018-06-29 10:30,,14.97,603131,15.08,14.84,15.04,,843.0
2018-06-29 11:30,{},15.1,603131,15.19,14.97,14.97,18.32,916.0
2018-06-29 11:30,,15.1,603131,15.19,14.97,14.97,,916.0
2018-06-29 14:00,{},15.22,603131,15.23,15.08,15.1,15.42,771.0
2018-06-29 14:00,,15.22,603131,15.23,15.08,15.1,,771.0
2018-06-29 15:00,{},15.32,603131,15.36,15.2,15.22,29.16,1458.0
2018-06-29 15:00,,15.32,603131,15.36,15.2,15.22,,1458.0
2018-07-02 10:30,{},15.26,603131,15.36,14.8,15.29,24.42,1221.0
2018-07-02 10:30,,15.26,603131,15.36,14.8,15.29,,1221.0
2018-07-02 11:30,{},15.28,603131,15.34,15.19,15.26,12.88,644.0
2018-07-02 11:30,,15.28,603131,15.34,15.19,15.26,,644.0
2018-07-02 14:00,{},15.25,603131,15.29,15.13,15.28,10.02,501.0
2018-07-02 14:00,,15.25,603131,15.29,15.13,15.28,,501.0
2018-07-02 15:00,{},15.0,603131,15.25,14.9,15.25,36.98,1849.0
2018-07-02 15:00,,15.0,603131,15.25,14.9,15.25,,1849.0
2018-07-03 10:30,{},15.12,603131,15.2,14.92,15.01,19.5,975.0
2018-07-03 10:30,,15.12,603131,15.2,14.92,15.01,,975.0
2018-07-03 11:30,{},15.04,603131,15.12,14.91,15.12,16.66,833.0
2018-07-03 11:30,,15.04,603131,15.12,14.91,15.12,,833.0
2018-07-03 14:00,{},15.21,603131,15.26,15.0,15.04,15.78,789.0
2018-07-03 14:00,,15.21,603131,15.26,15.0,15.04,,789.0
2018-07-03 15:00,{},15.28,603131,15.37,15.21,15.21,36.02,1801.0
2018-07-03 15:00,,15.28,603131,15.37,15.21,15.21,,1801.0
2018-07-04 10:30,{},15.07,603131,15.3,15.07,15.3,48.08,2404.0
2018-07-04 10:30,,15.07,603131,15.3,15.07,15.3,,2404.0
2018-07-04 11:30,{},15.04,603131,15.13,15.04,15.07,12.76,638.0
2018-07-04 11:30,,15.04,603131,15.13,15.04,15.07,,638.0
2018-07-04 14:00,{},15.01,603131,15.27,15.01,15.04,13.62,681.0
2018-07-04 14:00,,15.01,603131,15.27,15.01,15.04,,681.0
2018-07-04 15:00,{},14.9,603131,15.13,14.87,15.01,28.74,1437.0
2018-07-04 15:00,,14.9,603131,15.13,14.87,15.01,,1437.0
2018-07-05 10:30,{},14.91,603131,15.14,14.85,15.0,14.84,742.0
2018-07-05 10:30,,14.91,603131,15.14,14.85,15.0,,742.0
2018-07-05 11:30,{},14.94,603131,15.14,14.86,14.91,16.02,801.0
2018-07-05 11:30,,14.94,603131,15.14,14.86,14.91,,801.0
2018-07-05 14:00,{},14.99,603131,15.0,14.86,14.94,6.38,319.0
2018-07-05 14:00,,14.99,603131,15.0,14.86,14.94,,319.0
2018-07-05 15:00,{},14.41,603131,14.99,14.16,14.99,53.42,2671.0
2018-07-05 15:00,,14.41,603131,14.99,14.16,14.99,,2671.0
2018-07-06 10:30,{},14.4,603131,14.63,14.31,14.63,23.68,1184.0
2018-07-06 10:30,,14.4,603131,14.63,14.31,14.63,,1184.0
2018-07-06 11:30,{},14.41,603131,14.49,14.18,14.4,19.94,997.0
2018-07-06 11:30,,14.41,603131,14.49,14.18,14.4,,997.0
2018-07-06 14:00,{},14.62,603131,14.65,14.41,14.41,26.76,1338.0
2018-07-06 14:00,,14.62,603131,14.65,14.41,14.41,,1338.0
2018-07-06 15:00,{},14.58,603131,14.65,14.5,14.62,15.7,785.0
2018-07-06 15:00,,14.58,603131,14.65,14.5,14.62,,785.0
2018-07-09 10:30,{},14.71,603131,14.75,14.5,14.51,31.08,1554.0
2018-07-09 10:30,,14.71,603131,14.75,14.5,14.51,,1554.0
2018-07-09 11:30,{},14.8,603131,14.8,14.71,14.71,8.4,420.0
2018-07-09 11:30,,14.8,603131,14.8,14.71,14.71,,420.0
2018-07-09 14:00,,14.75,603131,14.81,14.68,14.8,,598.0
2018-07-09 14:00,{},14.75,603131,14.81,14.68,14.8,11.96,598.0
2018-07-09 15:00,,14.79,603131,14.82,14.7,14.75,,921.0
2018-07-09 15:00,{},14.79,603131,14.82,14.7,14.75,18.42,921.0
2018-07-10 10:30,{},15.01,603131,15.11,14.65,14.79,51.54,2577.0
2018-07-10 10:30,,15.01,603131,15.11,14.65,14.79,,2577.0
2018-07-10 11:30,{},14.94,603131,15.04,14.91,15.01,11.64,582.0
2018-07-10 11:30,,14.94,603131,15.04,14.91,15.01,,582.0
2018-07-10 14:00,,14.98,603131,15.01,14.92,14.94,,349.0
2018-07-10 14:00,{},14.98,603131,15.01,14.92,14.94,6.98,349.0
2018-07-10 15:00,{},15.1,603131,15.11,14.93,14.98,28.66,1433.0
2018-07-10 15:00,,15.1,603131,15.11,14.93,14.98,,1433.0
2018-07-11 10:30,{},14.9,603131,15.08,14.63,15.08,26.24,1312.0
2018-07-11 10:30,,14.9,603131,15.08,14.63,15.08,,1312.0
2018-07-11 11:30,,14.78,603131,14.9,14.71,14.9,,646.0
2018-07-11 11:30,{},14.78,603131,14.9,14.71,14.9,12.92,646.0
2018-07-11 14:00,{},14.63,603131,14.83,14.6,14.78,14.64,732.0
2018-07-11 14:00,,14.63,603131,14.83,14.6,14.78,,732.0
2018-07-11 15:00,{},14.68,603131,14.74,14.52,14.63,23.5,1175.0
2018-07-11 15:00,,14.68,603131,14.74,14.52,14.63,,1175.0
2018-07-12 10:30,{},14.91,603131,14.93,14.57,14.57,28.06,1403.0
2018-07-12 10:30,,14.91,603131,14.93,14.57,14.57,,1403.0
2018-07-12 11:30,{},14.99,603131,15.0,14.86,14.91,12.5,625.0
2018-07-12 11:30,,14.99,603131,15.0,14.86,14.91,,625.0
2018-07-12 14:00,{},15.01,603131,15.09,14.92,14.99,20.56,1028.0
2018-07-12 14:00,,15.01,603131,15.09,14.92,14.99,,1028.0
2018-07-12 15:00,{},14.97,603131,15.04,14.96,15.01,29.66,1483.0
2018-07-12 15:00,,14.97,603131,15.04,14.96,15.01,,1483.0
2018-07-13 10:30,{},15.0,603131,15.17,14.91,15.11,23.04,1152.0
2018-07-13 10:30,,15.0,603131,15.17,14.91,15.11,,1152.0
2018-07-13 11:30,,15.05,603131,15.09,14.99,15.0,,346.0
2018-07-13 11:30,{},15.05,603131,15.09,14.99,15.0,6.92,346.0
2018-07-13 14:00,,14.94,603131,15.06,14.94,15.05,,577.0
2018-07-13 14:00,{},14.94,603131,15.06,14.94,15.05,11.54,577.0
2018-07-13 15:00,{},15.0,603131,15.02,14.91,14.94,22.5,1125.0
2018-07-13 15:00,,15.0,603131,15.02,14.91,14.94,,1125.0
2018-07-16 10:30,{},15.0,603131,15.07,14.83,14.83,12.72,636.0
2018-07-16 10:30,,15.0,603131,15.07,14.83,14.83,,636.0
2018-07-16 11:30,{},15.08,603131,15.1,14.94,15.0,18.88,944.0
2018-07-16 11:30,,15.08,603131,15.1,14.94,15.0,,944.0
2018-07-16 14:00,{},15.0,603131,15.1,14.98,15.08,11.34,567.0
2018-07-16 14:00,,15.0,603131,15.1,14.98,15.08,,567.0
2018-07-16 15:00,{},15.1,603131,15.14,15.0,15.0,17.86,893.0
2018-07-16 15:00,,15.1,603131,15.14,15.0,15.0,,893.0
2018-07-17 10:30,{},15.08,603131,15.25,15.05,15.25,23.76,1188.0
2018-07-17 10:30,,15.08,603131,15.25,15.05,15.25,,1188.0
2018-07-17 11:30,,15.08,603131,15.1,15.05,15.08,,368.0
2018-07-17 11:30,{},15.08,603131,15.1,15.05,15.08,7.36,368.0
2018-07-17 14:00,{},15.0,603131,15.08,15.0,15.08,6.76,338.0
2018-07-17 14:00,,15.0,603131,15.08,15.0,15.08,,338.0
2018-07-17 15:00,,15.1,603131,15.1,14.81,15.0,,1279.0
2018-07-17 15:00,{},15.1,603131,15.1,14.81,15.0,25.58,1279.0
2018-07-18 10:30,,15.09,603131,15.17,15.02,15.09,,800.0
2018-07-18 10:30,{},15.09,603131,15.17,15.02,15.09,16.0,800.0
2018-07-18 11:30,,15.08,603131,15.09,15.03,15.09,,379.0
2018-07-18 11:30,{},15.08,603131,15.09,15.03,15.09,7.58,379.0
2018-07-18 14:00,{},15.04,603131,15.12,15.04,15.08,9.84,492.0
2018-07-18 14:00,,15.04,603131,15.12,15.04,15.08,,492.0
2018-07-18 15:00,{},14.95,603131,15.05,14.89,15.04,27.66,1383.0
2018-07-18 15:00,,14.95,603131,15.05,14.89,15.04,,1383.0
2018-07-19 10:30,,14.83,603131,15.06,14.83,15.02,,974.0
2018-07-19 10:30,{},14.83,603131,15.06,14.83,15.02,19.48,974.0
2018-07-19 11:30,,14.83,603131,14.95,14.83,14.83,,440.0
2018-07-19 11:30,{},14.83,603131,14.95,14.83,14.83,8.8,440.0
2018-07-19 14:00,,14.8,603131,14.93,14.73,14.83,,716.0
2018-07-19 14:00,{},14.8,603131,14.93,14.73,14.83,14.32,716.0
2018-07-19 15:00,{},14.76,603131,14.89,14.72,14.8,14.0,700.0
2018-07-19 15:00,,14.76,603131,14.89,14.72,14.8,,700.0
2018-07-20 10:30,,14.99,603131,15.16,14.76,15.16,,1168.0
2018-07-20 10:30,{},14.99,603131,15.16,14.76,15.16,23.36,1168.0
2018-07-20 11:30,,14.88,603131,15.03,14.87,14.99,,325.0
2018-07-20 11:30,{},14.88,603131,15.03,14.87,14.99,6.5,325.0
2018-07-20 14:00,,14.98,603131,15.04,14.88,14.88,,498.0
2018-07-20 14:00,{},14.98,603131,15.04,14.88,14.88,9.96,498.0
2018-07-20 15:00,{},15.04,603131,15.07,14.97,14.98,21.96,1098.0
2018-07-20 15:00,,15.04,603131,15.07,14.97,14.98,,1098.0
2018-07-23 10:30,,14.98,603131,15.16,14.95,15.16,,925.0
2018-07-23 10:30,{},14.98,603131,15.16,14.95,15.16,18.5,925.0
2018-07-23 11:30,,15.03,603131,15.05,14.9,14.98,,769.0
2018-07-23 11:30,{},15.03,603131,15.05,14.9,14.98,15.38,769.0
2018-07-23 14:00,{},15.07,603131,15.14,14.97,15.03,12.46,623.0
2018-07-23 14:00,,15.07,603131,15.14,14.97,15.03,,623.0
2018-07-23 15:00,{},15.1,603131,15.12,15.01,15.07,28.76,1438.0
2018-07-23 15:00,,15.1,603131,15.12,15.01,15.07,,1438.0
2018-07-24 10:30,,15.25,603131,15.25,14.93,15.13,,2137.0
2018-07-24 10:30,{},15.25,603131,15.25,14.93,15.13,42.74,2137.0
2018-07-24 11:30,,15.2,603131,15.26,15.17,15.25,,1334.0
2018-07-24 11:30,{},15.2,603131,15.26,15.17,15.25,26.68,1334.0
2018-07-24 14:00,{},15.25,603131,15.27,15.2,15.2,25.86,1293.0
2018-07-24 14:00,,15.25,603131,15.27,15.2,15.2,,1293.0
2018-07-24 15:00,,15.29,603131,15.3,15.23,15.25,,1975.0
2018-07-24 15:00,{},15.29,603131,15.3,15.23,15.25,39.5,1975.0
2018-07-25 10:30,,15.4,603131,15.59,15.21,15.29,,4634.0
2018-07-25 10:30,{},15.4,603131,15.59,15.21,15.29,92.68,4634.0
2018-07-25 11:30,,15.79,603131,15.99,15.4,15.4,,4805.0
2018-07-25 11:30,{},15.79,603131,15.99,15.4,15.4,96.1,4805.0
2018-07-25 14:00,,15.59,603131,15.82,15.5,15.79,,1768.0
2018-07-25 14:00,{},15.59,603131,15.82,15.5,15.79,35.36,1768.0
2018-07-25 15:00,,15.7,603131,15.72,15.37,15.59,,4520.0
2018-07-25 15:00,{},15.7,603131,15.72,15.37,15.59,90.4,4520.0
2018-07-26 10:30,,15.46,603131,15.74,15.41,15.72,,2747.0
2018-07-26 10:30,{},15.46,603131,15.74,15.41,15.72,54.94,2747.0
2018-07-26 11:30,,15.5,603131,15.54,15.45,15.46,,1498.0
2018-07-26 11:30,{},15.5,603131,15.54,15.45,15.46,29.96,1498.0
2018-07-26 14:00,{},15.47,603131,15.53,15.44,15.5,15.7,785.0
2018-07-26 14:00,,15.47,603131,15.53,15.44,15.5,,785.0
2018-07-26 15:00,{},15.55,603131,15.58,15.46,15.47,30.94,1547.0
2018-07-26 15:00,,15.55,603131,15.58,15.46,15.47,,1547.0
2018-07-27 10:30,,15.36,603131,15.6,15.2,15.51,,1853.0
2018-07-27 10:30,{},15.36,603131,15.6,15.2,15.51,37.06,1853.0
2018-07-27 11:30,{},15.37,603131,15.44,15.34,15.36,8.34,417.0
2018-07-27 11:30,,15.37,603131,15.44,15.34,15.36,,417.0
2018-07-27 14:00,{},15.35,603131,15.37,15.24,15.37,14.2,710.0
2018-07-27 14:00,,15.35,603131,15.37,15.24,15.37,,710.0
2018-07-27 15:00,,15.31,603131,15.37,15.29,15.35,,1130.0
2018-07-27 15:00,{},15.31,603131,15.37,15.29,15.35,22.6,1130.0
2018-07-30 10:30,,15.4,603131,15.68,15.32,15.68,,1729.0
2018-07-30 10:30,{},15.4,603131,15.68,15.32,15.68,34.58,1729.0
2018-07-30 11:30,{},15.33,603131,15.41,15.32,15.4,9.72,486.0
2018-07-30 11:30,,15.33,603131,15.41,15.32,15.4,,486.0
2018-07-30 14:00,{},15.32,603131,15.43,15.3,15.33,10.48,524.0
2018-07-30 14:00,,15.32,603131,15.43,15.3,15.33,,524.0
2018-07-30 15:00,,15.38,603131,15.39,15.0,15.32,,2731.0
2018-07-30 15:00,{},15.38,603131,15.39,15.0,15.32,54.62,2731.0
2018-07-31 10:30,,15.16,603131,15.36,15.03,15.03,,1560.0
2018-07-31 10:30,{},15.16,603131,15.36,15.03,15.03,31.2,1560.0
2018-07-31 11:30,,15.44,603131,15.44,15.16,15.16,,798.0
2018-07-31 11:30,{},15.44,603131,15.44,15.16,15.16,15.96,798.0
2018-07-31 14:00,{},15.3,603131,15.44,15.23,15.44,4.8,240.0
2018-07-31 14:00,,15.3,603131,15.44,15.23,15.44,,240.0
2018-07-31 15:00,,15.31,603131,15.35,15.16,15.3,,1065.0
2018-07-31 15:00,{},15.31,603131,15.35,15.16,15.3,21.3,1065.0
2018-08-01 10:30,,15.31,603131,15.39,15.13,15.13,,925.0
2018-08-01 10:30,{},15.31,603131,15.39,15.13,15.13,18.5,925.0
2018-08-01 11:30,{},15.18,603131,15.31,15.16,15.31,15.96,798.0
2018-08-01 11:30,,15.18,603131,15.31,15.16,15.31,,798.0
2018-08-01 14:00,{},15.1,603131,15.23,15.05,15.18,24.58,1229.0
2018-08-01 14:00,,15.1,603131,15.23,15.05,15.18,,1229.0
2018-08-01 15:00,,14.9,603131,15.11,14.88,15.1,,1231.0
2018-08-01 15:00,{},14.9,603131,15.11,14.88,15.1,24.62,1231.0
2018-08-02 10:30,,14.44,603131,15.08,14.3,15.08,,1726.0
2018-08-02 10:30,{},14.44,603131,15.08,14.3,15.08,34.52,1726.0
2018-08-02 11:30,,14.28,603131,14.5,14.27,14.44,,1142.0
2018-08-02 11:30,{},14.28,603131,14.5,14.27,14.44,22.84,1142.0
2018-08-02 14:00,{},14.25,603131,14.34,14.15,14.28,25.2,1260.0
2018-08-02 14:00,,14.25,603131,14.34,14.15,14.28,,1260.0
2018-08-02 15:00,{},14.32,603131,14.35,14.24,14.25,18.82,941.0
2018-08-02 15:00,,14.32,603131,14.35,14.24,14.25,,941.0
2018-08-03 10:30,{},14.27,603131,14.43,14.2,14.43,19.2,960.0
2018-08-03 10:30,,14.27,603131,14.43,14.2,14.43,,960.0
2018-08-03 11:30,{},14.32,603131,14.34,14.2,14.27,13.54,677.0
2018-08-03 11:30,,14.32,603131,14.34,14.2,14.27,,677.0
2018-08-03 14:00,{},14.3,603131,14.35,14.29,14.32,2.68,134.0
2018-08-03 14:00,,14.3,603131,14.35,14.29,14.32,,134.0
2018-08-03 15:00,,14.2,603131,14.3,14.17,14.3,,695.0
2018-08-03 15:00,{},14.2,603131,14.3,14.17,14.3,13.9,695.0
2018-08-06 10:30,,14.32,603131,14.32,14.11,14.21,,926.0
2018-08-06 10:30,{},14.32,603131,14.32,14.11,14.21,18.52,926.0
2018-08-06 11:30,,14.16,603131,14.33,14.16,14.32,,989.0
2018-08-06 11:30,{},14.16,603131,14.33,14.16,14.32,19.78,989.0
2018-08-06 14:00,,14.17,603131,14.21,14.16,14.16,,624.0
2018-08-06 14:00,{},14.17,603131,14.21,14.16,14.16,12.48,624.0
2018-08-06 15:00,{},14.22,603131,14.25,14.13,14.17,20.3,1015.0
2018-08-06 15:00,,14.22,603131,14.25,14.13,14.17,,1015.0
2018-08-07 10:30,{},14.19,603131,14.43,14.19,14.43,18.32,916.0
2018-08-07 10:30,,14.19,603131,14.43,14.19,14.43,,916.0
2018-08-07 11:30,,14.38,603131,14.38,14.19,14.19,,362.0
2018-08-07 11:30,{},14.38,603131,14.38,14.19,14.19,7.24,362.0
2018-08-07 14:00,,14.47,603131,14.55,14.31,14.38,,1321.0
2018-08-07 14:00,{},14.47,603131,14.55,14.31,14.38,26.42,1321.0
2018-08-07 15:00,{},14.78,603131,14.89,14.47,14.47,68.9,3445.0
2018-08-07 15:00,,14.78,603131,14.89,14.47,14.47,,3445.0
2018-08-08 10:30,{},15.7,603131,16.26,15.52,15.52,436.06,21803.0
2018-08-08 10:30,,15.7,603131,16.26,15.52,15.52,,21803.0
2018-08-08 11:30,{},15.65,603131,15.75,15.61,15.7,40.94,2047.0
2018-08-08 11:30,,15.65,603131,15.75,15.61,15.7,,2047.0
2018-08-08 14:00,{},15.5,603131,15.69,15.5,15.65,63.78,3189.0
2018-08-08 14:00,,15.5,603131,15.69,15.5,15.65,,3189.0
2018-08-08 15:00,{},15.36,603131,15.5,15.3,15.5,78.1,3905.0
2018-08-08 15:00,,15.36,603131,15.5,15.3,15.5,,3905.0
2018-08-09 10:30,,15.03,603131,15.17,14.5,14.78,,6669.0
2018-08-09 10:30,{},15.03,603131,15.17,14.5,14.78,133.38,6669.0
2018-08-09 11:30,,15.15,603131,15.28,14.96,15.03,,2629.0
2018-08-09 11:30,{},15.15,603131,15.28,14.96,15.03,52.58,2629.0
2018-08-09 14:00,,15.2,603131,15.22,15.12,15.17,,1401.0
2018-08-09 14:00,{},15.2,603131,15.22,15.12,15.17,28.02,1401.0
2018-08-09 15:00,{},15.34,603131,15.68,15.18,15.2,95.8,4790.0
2018-08-09 15:00,,15.34,603131,15.68,15.18,15.2,,4790.0
2018-08-10 10:30,{},15.12,603131,15.3,15.03,15.17,50.56,2528.0
2018-08-10 10:30,,15.12,603131,15.3,15.03,15.17,,2528.0
2018-08-10 11:30,{},15.05,603131,15.14,14.98,15.12,53.64,2682.0
2018-08-10 11:30,,15.05,603131,15.14,14.98,15.12,,2682.0
2018-08-10 14:00,{},15.02,603131,15.1,14.98,15.05,31.1,1555.0
2018-08-10 14:00,,15.02,603131,15.1,14.98,15.05,,1555.0
2018-08-10 15:00,,15.05,603131,15.15,14.99,15.02,,1904.0
2018-08-10 15:00,{},15.05,603131,15.15,14.99,15.02,38.08,1904.0
2018-08-13 10:30,,14.9,603131,15.0,14.71,15.0,,2183.0
2018-08-13 10:30,{},14.9,603131,15.0,14.71,15.0,43.66,2183.0
2018-08-13 11:30,{},14.74,603131,14.9,14.74,14.9,22.84,1142.0
2018-08-13 11:30,,14.74,603131,14.9,14.74,14.9,,1142.0
2018-08-13 14:00,{},14.77,603131,14.83,14.72,14.74,29.64,1482.0
2018-08-13 14:00,,14.77,603131,14.83,14.72,14.74,,1482.0
2018-08-13 15:00,{},14.88,603131,14.91,14.77,14.77,30.74,1537.0
2018-08-13 15:00,,14.88,603131,14.91,14.77,14.77,,1537.0
2018-08-14 10:30,{},14.86,603131,14.96,14.73,14.96,31.98,1599.0
2018-08-14 10:30,,14.86,603131,14.96,14.73,14.96,,1599.0
2018-08-14 11:30,{},14.75,603131,14.89,14.73,14.86,27.62,1381.0
2018-08-14 11:30,,14.75,603131,14.89,14.73,14.86,,1381.0
2018-08-14 14:00,{},14.82,603131,14.82,14.75,14.75,10.38,519.0
2018-08-14 14:00,,14.82,603131,14.82,14.75,14.75,,519.0
2018-08-14 15:00,{},14.8,603131,14.84,14.76,14.82,11.44,572.0
2018-08-14 15:00,,14.8,603131,14.84,14.76,14.82,,572.0
2018-08-15 10:30,{},14.74,603131,14.91,14.74,14.8,13.32,666.0
2018-08-15 10:30,,14.74,603131,14.91,14.74,14.8,,666.0
2018-08-15 11:30,,14.56,603131,14.74,14.53,14.74,,1833.0
2018-08-15 11:30,{},14.56,603131,14.74,14.53,14.74,36.66,1833.0
2018-08-15 14:00,{},14.37,603131,14.59,14.37,14.56,26.96,1348.0
2018-08-15 14:00,,14.37,603131,14.59,14.37,14.56,,1348.0
2018-08-15 15:00,,14.3,603131,14.41,14.16,14.37,,2777.0
2018-08-15 15:00,{},14.3,603131,14.41,14.16,14.37,55.54,2777.0
2018-08-16 10:30,,14.26,603131,14.36,14.1,14.11,,1619.0
2018-08-16 10:30,{},14.26,603131,14.36,14.1,14.11,32.38,1619.0
2018-08-16 11:30,{},14.24,603131,14.3,14.24,14.26,8.18,409.0
2018-08-16 11:30,,14.24,603131,14.3,14.24,14.26,,409.0
2018-08-16 14:00,,14.31,603131,14.32,14.24,14.24,,735.0
2018-08-16 14:00,{},14.31,603131,14.32,14.24,14.24,14.7,735.0
2018-08-16 15:00,{},14.23,603131,14.35,14.21,14.31,18.14,907.0
2018-08-16 15:00,,14.23,603131,14.35,14.21,14.31,,907.0
2018-08-17 10:30,{},14.35,603131,14.55,14.35,14.35,18.56,928.0
2018-08-17 10:30,,14.35,603131,14.55,14.35,14.35,,928.0
2018-08-17 11:30,{},14.24,603131,14.36,14.24,14.35,9.98,499.0
2018-08-17 11:30,,14.24,603131,14.36,14.24,14.35,,499.0
2018-08-17 14:00,,14.25,603131,14.26,14.18,14.24,,961.0
2018-08-17 14:00,{},14.25,603131,14.26,14.18,14.24,19.22,961.0
2018-08-17 15:00,,14.12,603131,14.25,14.08,14.25,,1542.0
2018-08-17 15:00,{},14.12,603131,14.25,14.08,14.25,30.84,1542.0
2018-08-20 10:30,,14.13,603131,14.27,14.11,14.15,,796.0
2018-08-20 10:30,{},14.13,603131,14.27,14.11,14.15,15.92,796.0
2018-08-20 11:30,,14.07,603131,14.13,14.02,14.12,,672.0
2018-08-20 11:30,{},14.07,603131,14.13,14.02,14.12,13.44,672.0
2018-08-20 14:00,,13.98,603131,14.09,13.9,14.07,,1200.0
2018-08-20 14:00,{},13.98,603131,14.09,13.9,14.07,24.0,1200.0
2018-08-20 15:00,,14.1,603131,14.1,13.88,13.98,,1346.0
2018-08-20 15:00,{},14.1,603131,14.1,13.88,13.98,26.92,1346.0
2018-08-21 10:30,,14.06,603131,14.19,14.02,14.19,,533.0
2018-08-21 10:30,{},14.06,603131,14.19,14.02,14.19,10.66,533.0
2018-08-21 11:30,{},14.2,603131,14.2,14.06,14.06,16.74,837.0
2018-08-21 11:30,,14.2,603131,14.2,14.06,14.06,,837.0
2018-08-21 14:00,,14.21,603131,14.25,14.2,14.2,,720.0
2018-08-21 14:00,{},14.21,603131,14.25,14.2,14.2,14.4,720.0
2018-08-21 15:00,{},14.35,603131,14.4,14.21,14.21,23.32,1166.0
2018-08-21 15:00,,14.35,603131,14.4,14.21,14.21,,1166.0
2018-08-22 10:30,,14.17,603131,14.33,14.09,14.33,,1295.0
2018-08-22 10:30,{},14.17,603131,14.33,14.09,14.33,25.9,1295.0
2018-08-22 11:30,{},14.18,603131,14.25,14.11,14.17,7.12,356.0
2018-08-22 11:30,,14.18,603131,14.25,14.11,14.17,,356.0
2018-08-22 14:00,{},14.12,603131,14.24,14.1,14.18,10.14,507.0
2018-08-22 14:00,,14.12,603131,14.24,14.1,14.18,,507.0
2018-08-22 15:00,{},14.1,603131,14.14,14.1,14.12,14.52,726.0
2018-08-22 15:00,,14.1,603131,14.14,14.1,14.12,,726.0
2018-08-23 10:30,{},14.22,603131,14.23,14.01,14.16,9.86,493.0
2018-08-23 10:30,,14.22,603131,14.23,14.01,14.16,,493.0
2018-08-23 11:30,{},14.1,603131,14.22,14.1,14.22,3.96,198.0
2018-08-23 11:30,,14.1,603131,14.22,14.1,14.22,,198.0
2018-08-23 14:00,{},14.1,603131,14.12,14.0,14.1,15.38,769.0
2018-08-23 14:00,,14.1,603131,14.12,14.0,14.1,,769.0
2018-08-23 15:00,{},14.09,603131,14.11,14.05,14.1,18.22,911.0
2018-08-23 15:00,,14.09,603131,14.11,14.05,14.1,,911.0
2018-08-24 10:30,,14.31,603131,14.4,14.09,14.09,,1945.0
2018-08-24 10:30,{},14.31,603131,14.4,14.09,14.09,38.9,1945.0
2018-08-24 11:30,,14.27,603131,14.34,14.26,14.31,,450.0
2018-08-24 11:30,{},14.27,603131,14.34,14.26,14.31,9.0,450.0
2018-08-24 14:00,,14.32,603131,14.32,14.27,14.27,,315.0
2018-08-24 14:00,{},14.32,603131,14.32,14.27,14.27,6.3,315.0
2018-08-24 15:00,,14.22,603131,14.32,14.18,14.32,,743.0
2018-08-24 15:00,{},14.22,603131,14.32,14.18,14.32,14.86,743.0
2018-08-27 10:30,{},14.29,603131,14.38,14.15,14.17,16.84,842.0
2018-08-27 10:30,,14.29,603131,14.38,14.15,14.17,,842.0
2018-08-27 11:30,{},14.35,603131,14.35,14.24,14.29,9.26,463.0
2018-08-27 11:30,,14.35,603131,14.35,14.24,14.29,,463.0
2018-08-27 14:00,{},14.36,603131,14.37,14.3,14.35,20.0,1000.0
2018-08-27 14:00,,14.36,603131,14.37,14.3,14.35,,1000.0
2018-08-27 15:00,{},14.37,603131,14.38,14.34,14.36,22.0,1100.0
2018-08-27 15:00,,14.37,603131,14.38,14.34,14.36,,1100.0
2018-08-28 10:30,{},14.36,603131,14.39,14.3,14.39,19.62,981.0
2018-08-28 10:30,,14.36,603131,14.39,14.3,14.39,,981.0
2018-08-28 11:30,{},14.36,603131,14.37,14.31,14.36,9.8,490.0
2018-08-28 11:30,,14.36,603131,14.37,14.31,14.36,,490.0
2018-08-28 14:00,,14.34,603131,14.36,14.32,14.36,,236.0
2018-08-28 14:00,{},14.34,603131,14.36,14.32,14.36,4.72,236.0
2018-08-28 15:00,{},14.33,603131,14.34,14.32,14.34,7.3,365.0
2018-08-28 15:00,,14.33,603131,14.34,14.32,14.34,,365.0
2018-08-29 10:30,{},14.3,603131,14.44,14.21,14.38,14.14,707.0
2018-08-29 10:30,,14.3,603131,14.44,14.21,14.38,,707.0
2018-08-29 11:30,{},14.2,603131,14.32,14.2,14.3,8.76,438.0
2018-08-29 11:30,,14.2,603131,14.32,14.2,14.3,,438.0
2018-08-29 14:00,{},14.15,603131,14.21,14.15,14.2,7.74,387.0
2018-08-29 14:00,,14.15,603131,14.21,14.15,14.2,,387.0
2018-08-29 15:00,{},14.15,603131,14.19,14.11,14.15,10.2,510.0
2018-08-29 15:00,,14.15,603131,14.19,14.11,14.15,,510.0
2018-08-30 10:30,{},14.03,603131,14.19,14.03,14.05,14.96,748.0
2018-08-30 10:30,,14.03,603131,14.19,14.03,14.05,,748.0
2018-08-30 11:30,,14.02,603131,14.08,14.02,14.03,,351.0
2018-08-30 11:30,{},14.02,603131,14.08,14.02,14.03,7.02,351.0
2018-08-30 14:00,{},13.96,603131,14.02,13.95,14.02,13.92,696.0
2018-08-30 14:00,,13.96,603131,14.02,13.95,14.02,,696.0
2018-08-30 15:00,,13.91,603131,13.98,13.9,13.96,,985.0
2018-08-30 15:00,{},13.91,603131,13.98,13.9,13.96,19.7,985.0
2018-08-31 10:30,{},13.93,603131,13.98,13.91,13.93,12.2,610.0
2018-08-31 10:30,,13.93,603131,13.98,13.91,13.93,,610.0
2018-08-31 11:30,,14.0,603131,14.06,13.93,13.93,,241.0
2018-08-31 11:30,{},14.0,603131,14.06,13.93,13.93,4.82,241.0
2018-08-31 14:00,{},13.96,603131,14.04,13.96,14.0,7.36,368.0
2018-08-31 14:00,,13.96,603131,14.04,13.96,14.0,,368.0
2018-08-31 15:00,{},14.02,603131,14.02,13.93,13.96,10.54,527.0
2018-08-31 15:00,,14.02,603131,14.02,13.93,13.96,,527.0
2018-09-03 10:30,{},13.75,603131,14.06,13.66,13.76,13.14,657.0
2018-09-03 10:30,,13.75,603131,14.06,13.66,13.76,,657.0
2018-09-03 11:30,,13.68,603131,13.78,13.58,13.75,,1433.0
2018-09-03 11:30,{},13.68,603131,13.78,13.58,13.75,28.66,1433.0
2018-09-03 14:00,,13.67,603131,13.74,13.5,13.68,,816.0
2018-09-03 14:00,{},13.67,603131,13.74,13.5,13.68,16.32,816.0
2018-09-03 15:00,{},13.74,603131,13.75,13.66,13.67,10.52,526.0
2018-09-03 15:00,,13.74,603131,13.75,13.66,13.67,,526.0
2018-09-04 10:30,{},13.72,603131,13.79,13.61,13.61,10.04,502.0
2018-09-04 10:30,,13.72,603131,13.79,13.61,13.61,,502.0
2018-09-04 11:30,{},13.75,603131,13.79,13.7,13.72,30.46,1523.0
2018-09-04 11:30,,13.75,603131,13.79,13.7,13.72,,1523.0
2018-09-04 14:00,{},13.86,603131,13.86,13.72,13.75,13.08,654.0
2018-09-04 14:00,,13.86,603131,13.86,13.72,13.75,,654.0
2018-09-04 15:00,{},13.85,603131,13.9,13.78,13.86,12.08,604.0
2018-09-04 15:00,,13.85,603131,13.9,13.78,13.86,,604.0
2018-09-05 10:30,{},13.74,603131,13.77,13.68,13.68,13.3,665.0
2018-09-05 10:30,,13.74,603131,13.77,13.68,13.68,,665.0
2018-09-05 11:30,{},13.73,603131,13.8,13.73,13.74,12.22,611.0
2018-09-05 11:30,,13.73,603131,13.8,13.73,13.74,,611.0
2018-09-05 14:00,,13.7,603131,13.8,13.68,13.73,,612.0
2018-09-05 14:00,{},13.7,603131,13.8,13.68,13.73,12.24,612.0
2018-09-05 15:00,{},13.49,603131,13.74,13.46,13.7,43.62,2181.0
2018-09-05 15:00,,13.49,603131,13.74,13.46,13.7,,2181.0
2018-09-06 10:30,,13.55,603131,13.6,13.48,13.49,,913.0
2018-09-06 10:30,{},13.55,603131,13.6,13.48,13.49,18.26,913.0
2018-09-06 11:30,,13.52,603131,13.55,13.48,13.55,,219.0
2018-09-06 11:30,{},13.52,603131,13.55,13.48,13.55,4.38,219.0
2018-09-06 14:00,,13.5,603131,13.55,13.5,13.52,,538.0
2018-09-06 14:00,{},13.5,603131,13.55,13.5,13.52,10.76,538.0
2018-09-06 15:00,,13.55,603131,13.58,13.38,13.5,,1128.0
2018-09-06 15:00,{},13.55,603131,13.58,13.38,13.5,22.56,1128.0
2018-09-07 10:30,,13.82,603131,13.9,13.4,13.55,,2247.0
2018-09-07 10:30,{},13.82,603131,13.9,13.4,13.55,44.94,2247.0
2018-09-07 11:30,,13.64,603131,13.83,13.64,13.8,,661.0
2018-09-07 11:30,{},13.64,603131,13.83,13.64,13.8,13.22,661.0
2018-09-07 14:00,,13.65,603131,13.78,13.64,13.64,,297.0
2018-09-07 14:00,{},13.65,603131,13.78,13.64,13.64,5.94,297.0
2018-09-07 15:00,{},13.72,603131,13.72,13.65,13.65,10.82,541.0
2018-09-07 15:00,,13.72,603131,13.72,13.65,13.65,,541.0
2018-09-10 10:30,{},13.62,603131,13.72,13.59,13.67,9.44,472.0
2018-09-10 10:30,,13.62,603131,13.72,13.59,13.67,,472.0
2018-09-10 11:30,{},13.56,603131,13.64,13.56,13.62,12.7,635.0
2018-09-10 11:30,,13.56,603131,13.64,13.56,13.62,,635.0
2018-09-10 14:00,{},13.4,603131,13.66,13.39,13.56,22.38,1119.0
2018-09-10 14:00,,13.4,603131,13.66,13.39,13.56,,1119.0
2018-09-10 15:00,{},13.23,603131,13.41,12.77,13.4,50.84,2542.0
2018-09-10 15:00,,13.23,603131,13.41,12.77,13.4,,2542.0
2018-09-11 10:30,,13.06,603131,13.26,12.99,13.24,,1635.0
2018-09-11 10:30,{},13.06,603131,13.26,12.99,13.24,32.7,1635.0
2018-09-11 11:30,{},13.18,603131,13.2,13.0,13.06,15.28,764.0
2018-09-11 11:30,,13.18,603131,13.2,13.0,13.06,,764.0
2018-09-11 14:00,{},13.08,603131,13.18,13.08,13.18,4.7,235.0
2018-09-11 14:00,,13.08,603131,13.18,13.08,13.18,,235.0
2018-09-11 15:00,,13.15,603131,13.16,13.04,13.08,,972.0
2018-09-11 15:00,{},13.15,603131,13.16,13.04,13.08,19.44,972.0
2018-09-12 10:30,{},13.21,603131,13.24,13.06,13.2,18.08,904.0
2018-09-12 10:30,,13.21,603131,13.24,13.06,13.2,,904.0
2018-09-12 11:30,{},13.18,603131,13.21,13.07,13.21,14.4,720.0
2018-09-12 11:30,,13.18,603131,13.21,13.07,13.21,,720.0
2018-09-12 14:00,{},13.13,603131,13.18,13.09,13.18,4.76,238.0
2018-09-12 14:00,,13.13,603131,13.18,13.09,13.18,,238.0
2018-09-12 15:00,{},13.02,603131,13.17,12.91,13.13,28.06,1403.0
2018-09-12 15:00,,13.02,603131,13.17,12.91,13.13,,1403.0
2018-09-13 10:30,,13.07,603131,13.19,13.05,13.09,,731.0
2018-09-13 10:30,{},13.07,603131,13.19,13.05,13.09,14.62,731.0
2018-09-13 11:30,{},13.0,603131,13.08,12.93,13.07,8.52,426.0
2018-09-13 11:30,,13.0,603131,13.08,12.93,13.07,,426.0
2018-09-13 14:00,{},12.96,603131,13.04,12.96,13.0,8.38,419.0
2018-09-13 14:00,,12.96,603131,13.04,12.96,13.0,,419.0
2018-09-13 15:00,,13.13,603131,13.14,12.96,12.96,,1663.0
2018-09-13 15:00,{},13.13,603131,13.14,12.96,12.96,33.26,1663.0
2018-09-14 10:30,,13.22,603131,13.33,13.17,13.31,,1253.0
2018-09-14 10:30,{},13.22,603131,13.33,13.17,13.31,25.06,1253.0
2018-09-14 11:30,,13.18,603131,13.23,13.14,13.22,,571.0
2018-09-14 11:30,{},13.18,603131,13.23,13.14,13.22,11.42,571.0
2018-09-14 14:00,,13.18,603131,13.23,13.18,13.18,,162.0
2018-09-14 14:00,{},13.18,603131,13.23,13.18,13.18,3.24,162.0
2018-09-14 15:00,,13.09,603131,13.18,12.94,13.18,,1011.0
2018-09-14 15:00,{},13.09,603131,13.18,12.94,13.18,20.22,1011.0
2018-09-17 10:30,{},12.89,603131,13.09,12.78,13.09,18.02,901.0
2018-09-17 10:30,,12.89,603131,13.09,12.78,13.09,,901.0
2018-09-17 11:30,{},12.83,603131,12.89,12.81,12.89,5.06,253.0
2018-09-17 11:30,,12.83,603131,12.89,12.81,12.89,,253.0
2018-09-17 14:00,,12.8,603131,12.88,12.77,12.83,,1128.0
2018-09-17 14:00,{},12.8,603131,12.88,12.77,12.83,22.56,1128.0
2018-09-17 15:00,,12.82,603131,12.87,12.77,12.8,,407.0
2018-09-17 15:00,{},12.82,603131,12.87,12.77,12.8,8.14,407.0
2018-09-18 10:30,{},12.86,603131,12.91,12.7,12.8,17.34,867.0
2018-09-18 10:30,,12.86,603131,12.91,12.7,12.8,,867.0
2018-09-18 11:30,{},12.81,603131,12.9,12.8,12.86,4.48,224.0
2018-09-18 11:30,,12.81,603131,12.9,12.8,12.86,,224.0
2018-09-18 14:00,{},12.92,603131,12.92,12.81,12.81,24.36,1218.0
2018-09-18 14:00,,12.92,603131,12.92,12.81,12.81,,1218.0
2018-09-18 15:00,{},12.99,603131,13.02,12.87,12.92,21.96,1098.0
2018-09-18 15:00,,12.99,603131,13.02,12.87,12.92,,1098.0
2018-09-19 10:30,{},13.06,603131,13.1,12.87,12.88,13.36,668.0
2018-09-19 10:30,,13.06,603131,13.1,12.87,12.88,,668.0
2018-09-19 11:30,,13.11,603131,13.11,13.04,13.06,,656.0
2018-09-19 11:30,{},13.11,603131,13.11,13.04,13.06,13.12,656.0
2018-09-19 14:00,{},13.25,603131,13.26,13.08,13.11,21.42,1071.0
2018-09-19 14:00,,13.25,603131,13.26,13.08,13.11,,1071.0
2018-09-19 15:00,{},13.18,603131,13.28,13.12,13.25,30.72,1536.0
2018-09-19 15:00,,13.18,603131,13.28,13.12,13.25,,1536.0
2018-09-20 10:30,,13.13,603131,13.29,13.09,13.18,,430.0
2018-09-20 10:30,{},13.13,603131,13.29,13.09,13.18,8.6,430.0
2018-09-20 11:30,{},13.11,603131,13.2,13.11,13.13,22.62,1131.0
2018-09-20 11:30,,13.11,603131,13.2,13.11,13.13,,1131.0
2018-09-20 14:00,{},13.09,603131,13.17,13.07,13.11,8.1,405.0
2018-09-20 14:00,,13.09,603131,13.17,13.07,13.11,,405.0
2018-09-20 15:00,,13.07,603131,13.12,13.05,13.09,,1069.0
2018-09-20 15:00,{},13.07,603131,13.12,13.05,13.09,21.38,1069.0
2018-09-21 10:30,,13.2,603131,13.24,13.04,13.04,,798.0
2018-09-21 10:30,{},13.2,603131,13.24,13.04,13.04,15.96,798.0
2018-09-21 11:30,{},13.22,603131,13.23,13.17,13.2,9.28,464.0
2018-09-21 11:30,,13.22,603131,13.23,13.17,13.2,,464.0
2018-09-21 14:00,{},13.23,603131,13.23,13.2,13.22,12.48,624.0
2018-09-21 14:00,,13.23,603131,13.23,13.2,13.22,,624.0
2018-09-21 15:00,{},13.23,603131,13.25,13.2,13.23,22.78,1139.0
2018-09-21 15:00,,13.23,603131,13.25,13.2,13.23,,1139.0
2018-09-25 10:30,,13.26,603131,13.29,13.09,13.23,,1292.0
2018-09-25 10:30,{},13.26,603131,13.29,13.09,13.23,25.84,1292.0
2018-09-25 11:30,,13.26,603131,13.27,13.2,13.26,,493.0
2018-09-25 11:30,{},13.26,603131,13.27,13.2,13.26,9.86,493.0
2018-09-25 14:00,{},13.26,603131,13.27,13.22,13.26,4.98,249.0
2018-09-25 14:00,,13.26,603131,13.27,13.22,13.26,,249.0
2018-09-25 15:00,,13.23,603131,13.26,13.19,13.26,,483.0
2018-09-25 15:00,{},13.23,603131,13.26,13.19,13.26,9.66,483.0
2018-09-26 10:30,,13.33,603131,13.33,13.13,13.13,,858.0
2018-09-26 10:30,{},13.33,603131,13.33,13.13,13.13,17.16,858.0
2018-09-26 11:30,{},13.27,603131,13.33,13.27,13.33,6.02,301.0
2018-09-26 11:30,,13.27,603131,13.33,13.27,13.33,,301.0
2018-09-26 14:00,{},13.3,603131,13.35,13.25,13.27,15.1,755.0
2018-09-26 14:00,,13.3,603131,13.35,13.25,13.27,,755.0
2018-09-26 15:00,{},13.26,603131,13.32,13.26,13.3,10.58,529.0
2018-09-26 15:00,,13.26,603131,13.32,13.26,13.3,,529.0
2018-09-27 10:30,{},13.19,603131,13.35,13.15,13.28,13.74,687.0
2018-09-27 10:30,,13.19,603131,13.35,13.15,13.28,,687.0
2018-09-27 11:30,{},13.14,603131,13.21,13.14,13.19,11.06,553.0
2018-09-27 11:30,,13.14,603131,13.21,13.14,13.19,,553.0
2018-09-27 14:00,{},13.1,603131,13.19,13.1,13.14,18.16,908.0
2018-09-27 14:00,,13.1,603131,13.19,13.1,13.14,,908.0
2018-09-27 15:00,{},13.06,603131,13.17,13.06,13.1,21.86,1093.0
2018-09-27 15:00,,13.06,603131,13.17,13.06,13.1,,1093.0
2018-09-28 10:30,{},13.23,603131,13.31,13.01,13.31,6.72,336.0
2018-09-28 10:30,,13.23,603131,13.31,13.01,13.31,,336.0
2018-09-28 11:30,,13.23,603131,13.23,13.14,13.23,,1123.0
2018-09-28 11:30,{},13.23,603131,13.23,13.14,13.23,22.46,1123.0
2018-09-28 14:00,,13.23,603131,13.23,13.18,13.23,,280.0
2018-09-28 14:00,{},13.23,603131,13.23,13.18,13.23,5.6,280.0
2018-09-28 15:00,,13.21,603131,13.23,13.17,13.23,,473.0
2018-09-28 15:00,{},13.21,603131,13.23,13.17,13.23,9.46,473.0
2018-10-08 10:30,{},13.0,603131,13.1,12.97,13.1,22.76,1138.0
2018-10-08 10:30,,13.0,603131,13.1,12.97,13.1,,1138.0
2018-10-08 11:30,,12.98,603131,13.04,12.97,13.0,,447.0
2018-10-08 11:30,{},12.98,603131,13.04,12.97,13.0,8.94,447.0
2018-10-08 14:00,,12.98,603131,13.05,12.97,12.98,,241.0
2018-10-08 14:00,{},12.98,603131,13.05,12.97,12.98,4.82,241.0
2018-10-08 15:00,{},12.92,603131,12.98,12.88,12.98,26.36,1318.0
2018-10-08 15:00,,12.92,603131,12.98,12.88,12.98,,1318.0
2018-10-09 10:30,{},13.01,603131,13.07,12.96,13.07,8.76,438.0
2018-10-09 10:30,,13.01,603131,13.07,12.96,13.07,,438.0
2018-10-09 11:30,,13.03,603131,13.05,12.93,13.01,,312.0
2018-10-09 11:30,{},13.03,603131,13.05,12.93,13.01,6.24,312.0
2018-10-09 14:00,{},13.04,603131,13.05,13.01,13.03,3.42,171.0
2018-10-09 14:00,,13.04,603131,13.05,13.01,13.03,,171.0
2018-10-09 15:00,{},13.13,603131,13.13,13.0,13.04,25.76,1288.0
2018-10-09 15:00,,13.13,603131,13.13,13.0,13.04,,1288.0
2018-10-10 10:30,{},13.36,603131,13.8,13.14,13.8,36.3,1815.0
2018-10-10 10:30,,13.36,603131,13.8,13.14,13.8,,1815.0
2018-10-10 11:30,{},13.3,603131,13.38,13.18,13.36,14.56,728.0
2018-10-10 11:30,,13.3,603131,13.38,13.18,13.36,,728.0
2018-10-10 14:00,,13.25,603131,13.38,13.25,13.3,,291.0
2018-10-10 14:00,{},13.25,603131,13.38,13.25,13.3,5.82,291.0
2018-10-10 15:00,{},13.45,603131,13.5,13.25,13.25,57.7,2885.0
2018-10-10 15:00,,13.45,603131,13.5,13.25,13.25,,2885.0
2018-10-11 10:30,{},12.98,603131,13.14,12.93,13.1,28.96,1448.0
2018-10-11 10:30,,12.98,603131,13.14,12.93,13.1,,1448.0
2018-10-11 11:30,,12.5,603131,13.04,12.41,12.98,,1791.0
2018-10-11 11:30,{},12.5,603131,13.04,12.41,12.98,35.82,1791.0
2018-10-11 14:00,,12.53,603131,12.69,12.42,12.5,,526.0
2018-10-11 14:00,{},12.53,603131,12.69,12.42,12.5,10.52,526.0
2018-10-11 15:00,{},12.2,603131,12.53,12.11,12.53,46.92,2346.0
2018-10-11 15:00,,12.2,603131,12.53,12.11,12.53,,2346.0
2018-10-12 10:30,,12.02,603131,12.3,12.0,12.2,,1686.0
2018-10-12 10:30,{},12.02,603131,12.3,12.0,12.2,33.72,1686.0
2018-10-12 11:30,,11.91,603131,12.02,11.63,12.02,,1396.0
2018-10-12 11:30,{},11.91,603131,12.02,11.63,12.02,27.92,1396.0
2018-10-12 14:00,,12.08,603131,12.14,11.91,11.91,,580.0
2018-10-12 14:00,{},12.08,603131,12.14,11.91,11.91,11.6,580.0
2018-10-12 15:00,{},12.08,603131,12.12,11.91,12.08,17.0,850.0
2018-10-12 15:00,,12.08,603131,12.12,11.91,12.08,,850.0
2018-10-15 10:30,,12.15,603131,12.26,11.9,12.05,,421.0
2018-10-15 10:30,{},12.15,603131,12.26,11.9,12.05,8.42,421.0
2018-10-15 11:30,,12.06,603131,12.17,12.05,12.15,,296.0
2018-10-15 11:30,{},12.06,603131,12.17,12.05,12.15,5.92,296.0
2018-10-15 14:00,,12.02,603131,12.15,12.02,12.06,,276.0
2018-10-15 14:00,{},12.02,603131,12.15,12.02,12.06,5.52,276.0
2018-10-15 15:00,,12.05,603131,12.07,11.9,12.02,,466.0
2018-10-15 15:00,{},12.05,603131,12.07,11.9,12.02,9.32,466.0
2018-10-16 10:30,,12.03,603131,12.13,11.93,12.11,,773.0
2018-10-16 10:30,{},12.03,603131,12.13,11.93,12.11,15.46,773.0
2018-10-16 11:30,{},11.93,603131,12.08,11.9,12.03,4.34,217.0
2018-10-16 11:30,,11.93,603131,12.08,11.9,12.03,,217.0
2018-10-16 14:00,{},11.9,603131,12.1,11.9,11.93,10.38,519.0
2018-10-16 14:00,,11.9,603131,12.1,11.9,11.93,,519.0
2018-10-16 15:00,,11.91,603131,11.92,11.66,11.9,,558.0
2018-10-16 15:00,{},11.91,603131,11.92,11.66,11.9,11.16,558.0
2018-10-17 10:30,,12.8,603131,13.1,12.02,12.02,,6927.0
2018-10-17 10:30,{},12.8,603131,13.1,12.02,12.02,138.54,6927.0
2018-10-17 11:30,{},12.63,603131,12.8,12.58,12.8,23.54,1177.0
2018-10-17 11:30,,12.63,603131,12.8,12.58,12.8,,1177.0
2018-10-17 14:00,{},12.58,603131,12.63,12.45,12.63,25.74,1287.0
2018-10-17 14:00,,12.58,603131,12.63,12.45,12.63,,1287.0
2018-10-17 15:00,{},12.85,603131,12.85,12.57,12.58,65.98,3299.0
2018-10-17 15:00,,12.85,603131,12.85,12.57,12.58,,3299.0
2018-10-18 10:30,{},13.72,603131,14.14,12.65,13.0,400.0,20000.0
2018-10-18 10:30,,13.72,603131,14.14,12.65,13.0,,20000.0
2018-10-18 11:30,{},13.7,603131,13.77,13.65,13.72,35.24,1762.0
2018-10-18 11:30,,13.7,603131,13.77,13.65,13.72,,1762.0
2018-10-18 14:00,,13.59,603131,13.72,13.56,13.7,,1950.0
2018-10-18 14:00,{},13.59,603131,13.72,13.56,13.7,39.0,1950.0
2018-10-18 15:00,{},13.39,603131,13.61,13.21,13.59,81.14,4057.0
2018-10-18 15:00,,13.39,603131,13.61,13.21,13.59,,4057.0
2018-10-29 10:30,{},13.84,603131,14.73,13.84,14.73,332.4,16620.0
2018-10-29 10:30,,13.84,603131,14.73,13.84,14.73,,16620.0
2018-10-29 11:30,{},14.17,603131,14.23,13.84,13.84,48.82,2441.0
2018-10-29 11:30,,14.17,603131,14.23,13.84,13.84,,2441.0
2018-10-29 14:00,{},13.95,603131,14.21,13.92,14.2,32.8,1640.0
2018-10-29 14:00,,13.95,603131,14.21,13.92,14.2,,1640.0
2018-10-29 15:00,,13.93,603131,14.1,13.89,13.95,,4136.0
2018-10-29 15:00,{},13.93,603131,14.1,13.89,13.95,82.72,4136.0
2018-10-30 10:30,,13.36,603131,13.79,13.17,13.57,,6919.0
2018-10-30 10:30,{},13.36,603131,13.79,13.17,13.57,138.38,6919.0
2018-10-30 11:30,{},13.5,603131,13.52,13.28,13.36,26.2,1310.0
2018-10-30 11:30,,13.5,603131,13.52,13.28,13.36,,1310.0
2018-10-30 14:00,,13.6,603131,13.72,13.3,13.5,,2818.0
2018-10-30 14:00,{},13.6,603131,13.72,13.3,13.5,56.36,2818.0
2018-10-30 15:00,,13.6,603131,13.61,13.5,13.6,,2995.0
2018-10-30 15:00,{},13.6,603131,13.61,13.5,13.6,59.9,2995.0
2018-10-31 10:30,{},13.53,603131,13.59,13.28,13.58,88.76,4438.0
2018-10-31 10:30,,13.53,603131,13.59,13.28,13.58,,4438.0
2018-10-31 11:30,{},13.48,603131,13.54,13.4,13.53,24.0,1200.0
2018-10-31 11:30,,13.48,603131,13.54,13.4,13.53,,1200.0
2018-10-31 14:00,,13.63,603131,13.76,13.46,13.48,,2021.0
2018-10-31 14:00,{},13.63,603131,13.76,13.46,13.48,40.42,2021.0
2018-10-31 15:00,,13.62,603131,13.63,13.54,13.63,,2775.0
2018-10-31 15:00,{},13.62,603131,13.63,13.54,13.63,55.5,2775.0
2018-11-01 10:30,,13.8,603131,13.97,13.58,13.58,,4988.0
2018-11-01 10:30,{},13.8,603131,13.97,13.58,13.58,99.76,4988.0
2018-11-01 11:30,{},13.65,603131,13.8,13.61,13.8,34.92,1746.0
2018-11-01 11:30,,13.65,603131,13.8,13.61,13.8,,1746.0
2018-11-01 14:00,{},13.91,603131,13.98,13.62,13.65,92.74,4637.0
2018-11-01 14:00,,13.91,603131,13.98,13.62,13.65,,4637.0
2018-11-01 15:00,{},14.98,603131,14.98,13.91,13.91,412.5,20625.0
2018-11-01 15:00,,14.98,603131,14.98,13.91,13.91,,20625.0
2018-11-02 10:30,{},15.78,603131,16.48,15.33,15.5,792.6,39630.0
2018-11-02 10:30,,15.78,603131,16.48,15.33,15.5,,39630.0
2018-11-02 11:30,{},15.88,603131,15.99,15.72,15.78,78.74,3937.0
2018-11-02 11:30,,15.88,603131,15.99,15.72,15.78,,3937.0
2018-11-02 14:00,,16.06,603131,16.41,15.75,15.88,,6615.0
2018-11-02 14:00,{},16.06,603131,16.41,15.75,15.88,132.3,6615.0
2018-11-02 15:00,,16.2,603131,16.41,15.91,16.06,,13601.0
2018-11-02 15:00,{},16.2,603131,16.41,15.91,16.06,272.02,13601.0
2018-11-05 10:30,,15.7,603131,15.82,15.54,15.69,,17187.0
2018-11-05 10:30,{},15.7,603131,15.82,15.54,15.69,343.74,17187.0
2018-11-05 11:30,,15.89,603131,16.32,15.69,15.7,,8826.0
2018-11-05 11:30,{},15.89,603131,16.32,15.69,15.7,176.52,8826.0
2018-11-05 14:00,,16.01,603131,16.29,15.89,15.89,,3740.0
2018-11-05 14:00,{},16.01,603131,16.29,15.89,15.89,74.8,3740.0
2018-11-05 15:00,{},15.81,603131,16.06,15.7,16.01,116.12,5806.0
2018-11-05 15:00,,15.81,603131,16.06,15.7,16.01,,5806.0
2018-11-06 10:30,,15.38,603131,15.69,15.28,15.64,,8579.0
2018-11-06 10:30,{},15.38,603131,15.69,15.28,15.64,171.58,8579.0
2018-11-06 11:30,,15.36,603131,15.49,15.3,15.38,,2782.0
2018-11-06 11:30,{},15.36,603131,15.49,15.3,15.38,55.64,2782.0
2018-11-06 14:00,,15.45,603131,15.48,15.31,15.36,,1568.0
2018-11-06 14:00,{},15.45,603131,15.48,15.31,15.36,31.36,1568.0
2018-11-06 15:00,{},15.15,603131,15.47,15.02,15.45,220.72,11036.0
2018-11-06 15:00,,15.15,603131,15.47,15.02,15.45,,11036.0
2018-11-07 10:30,,14.92,603131,15.41,14.9,15.19,,10871.0
2018-11-07 10:30,{},14.92,603131,15.41,14.9,15.19,217.42,10871.0
2018-11-07 11:30,,14.88,603131,14.94,14.71,14.92,,7944.0
2018-11-07 11:30,{},14.88,603131,14.94,14.71,14.92,158.88,7944.0
2018-11-07 14:00,{},14.85,603131,14.95,14.82,14.9,39.88,1994.0
2018-11-07 14:00,,14.85,603131,14.95,14.82,14.9,,1994.0
2018-11-07 15:00,,14.83,603131,14.87,14.78,14.85,,3760.0
2018-11-07 15:00,{},14.83,603131,14.87,14.78,14.85,75.2,3760.0
2018-11-08 10:30,,14.76,603131,14.97,14.7,14.87,,4675.0
2018-11-08 10:30,{},14.76,603131,14.97,14.7,14.87,93.5,4675.0
2018-11-08 11:30,{},14.87,603131,14.87,14.75,14.76,30.58,1529.0
2018-11-08 11:30,,14.87,603131,14.87,14.75,14.76,,1529.0
2018-11-08 14:00,{},14.92,603131,14.95,14.82,14.87,44.32,2216.0
2018-11-08 14:00,,14.92,603131,14.95,14.82,14.87,,2216.0
2018-11-08 15:00,,14.88,603131,14.95,14.78,14.92,,4258.0
2018-11-08 15:00,{},14.88,603131,14.95,14.78,14.92,85.16,4258.0
2018-11-09 10:30,{},14.57,603131,14.86,14.42,14.85,90.68,4534.0
2018-11-09 10:30,,14.57,603131,14.86,14.42,14.85,,4534.0
2018-11-09 11:30,{},14.59,603131,14.62,14.53,14.57,24.24,1212.0
2018-11-09 11:30,,14.59,603131,14.62,14.53,14.57,,1212.0
2018-11-09 14:00,{},15.01,603131,15.55,14.59,14.59,146.6,7330.0
2018-11-09 14:00,,15.01,603131,15.55,14.59,14.59,,7330.0
2018-11-09 15:00,{},15.0,603131,15.15,14.95,15.01,59.9,2995.0
2018-11-09 15:00,,15.0,603131,15.15,14.95,15.01,,2995.0
2018-11-12 10:30,{},14.78,603131,14.8,14.52,14.55,81.58,4079.0
2018-11-12 10:30,,14.78,603131,14.8,14.52,14.55,,4079.0
2018-11-12 11:30,,14.83,603131,14.83,14.74,14.78,,1311.0
2018-11-12 11:30,{},14.83,603131,14.83,14.74,14.78,26.22,1311.0
2018-11-12 14:00,,14.85,603131,15.07,14.83,14.83,,2806.0
2018-11-12 14:00,{},14.85,603131,15.07,14.83,14.83,56.12,2806.0
2018-11-12 15:00,,15.03,603131,15.08,14.85,14.85,,3551.0
2018-11-12 15:00,{},15.03,603131,15.08,14.85,14.85,71.02,3551.0
2018-11-13 10:30,,14.83,603131,14.98,14.71,14.9,,3876.0
2018-11-13 10:30,{},14.83,603131,14.98,14.71,14.9,77.52,3876.0
2018-11-13 11:30,{},15.27,603131,15.3,14.82,14.83,76.52,3826.0
2018-11-13 11:30,,15.27,603131,15.3,14.82,14.83,,3826.0
2018-11-13 14:00,,15.19,603131,15.3,15.16,15.24,,2464.0
2018-11-13 14:00,{},15.19,603131,15.3,15.16,15.24,49.28,2464.0
2018-11-13 15:00,,15.13,603131,15.21,15.1,15.19,,4424.0
2018-11-13 15:00,{},15.13,603131,15.21,15.1,15.19,88.48,4424.0
2018-11-14 10:30,{},15.05,603131,15.15,14.92,15.05,64.04,3202.0
2018-11-14 10:30,,15.05,603131,15.15,14.92,15.05,,3202.0
2018-11-14 11:30,,15.04,603131,15.08,14.93,15.05,,1390.0
2018-11-14 11:30,{},15.04,603131,15.08,14.93,15.05,27.8,1390.0
2018-11-14 14:00,,14.92,603131,15.12,14.92,15.04,,2298.0
2018-11-14 14:00,{},14.92,603131,15.12,14.92,15.04,45.96,2298.0
2018-11-14 15:00,{},14.9,603131,15.0,14.83,14.92,54.7,2735.0
2018-11-14 15:00,,14.9,603131,15.0,14.83,14.92,,2735.0
2018-11-15 10:30,{},15.07,603131,15.08,14.89,14.89,43.14,2157.0
2018-11-15 10:30,,15.07,603131,15.08,14.89,14.89,,2157.0
2018-11-15 11:30,,15.0,603131,15.07,14.85,15.07,,2328.0
2018-11-15 11:30,{},15.0,603131,15.07,14.85,15.07,46.56,2328.0
2018-11-15 14:00,,14.99,603131,15.04,14.94,15.0,,1518.0
2018-11-15 14:00,{},14.99,603131,15.04,14.94,15.0,30.36,1518.0
2018-11-15 15:00,,15.08,603131,15.09,14.98,14.99,,4155.0
2018-11-15 15:00,{},15.08,603131,15.09,14.98,14.99,83.1,4155.0
2018-11-16 10:30,,14.99,603131,15.14,14.98,15.14,,2426.0
2018-11-16 10:30,{},14.99,603131,15.14,14.98,15.14,48.52,2426.0
2018-11-16 11:30,{},15.07,603131,15.07,14.92,14.99,34.92,1746.0
2018-11-16 11:30,,15.07,603131,15.07,14.92,14.99,,1746.0
2018-11-16 14:00,,14.94,603131,15.15,14.85,15.07,,8662.0
2018-11-16 14:00,{},14.94,603131,15.15,14.85,15.07,173.24,8662.0
2018-11-16 15:00,,15.1,603131,15.13,14.91,14.94,,4250.0
2018-11-16 15:00,{},15.1,603131,15.13,14.91,14.94,85.0,4250.0
2018-11-19 10:30,,16.5,603131,16.61,15.01,15.12,,32531.0
2018-11-19 10:30,{},16.5,603131,16.61,15.01,15.12,650.62,32531.0
2018-11-19 11:30,,16.27,603131,16.51,16.06,16.5,,8046.0
2018-11-19 11:30,{},16.27,603131,16.51,16.06,16.5,160.92,8046.0
2018-11-19 14:00,{},16.55,603131,16.61,16.27,16.27,226.46,11323.0
2018-11-19 14:00,,16.55,603131,16.61,16.27,16.27,,11323.0
2018-11-19 15:00,,16.61,603131,16.61,16.5,16.55,,9203.0
2018-11-19 15:00,{},16.61,603131,16.61,16.5,16.55,184.06,9203.0
2018-11-20 10:30,,15.94,603131,16.38,15.86,16.3,,21921.0
2018-11-20 10:30,{},15.94,603131,16.38,15.86,16.3,438.42,21921.0
2018-11-20 11:30,,16.0,603131,16.28,15.92,15.94,,4427.0
2018-11-20 11:30,{},16.0,603131,16.28,15.92,15.94,88.54,4427.0
2018-11-20 14:00,{},16.14,603131,16.24,15.92,16.0,75.62,3781.0
2018-11-20 14:00,,16.14,603131,16.24,15.92,16.0,,3781.0
2018-11-20 15:00,{},15.97,603131,16.22,15.75,16.14,198.3,9915.0
2018-11-20 15:00,,15.97,603131,16.22,15.75,16.14,,9915.0
2018-11-21 10:30,{},16.28,603131,16.9,15.97,16.05,462.72,23136.0
2018-11-21 10:30,,16.28,603131,16.9,15.97,16.05,,23136.0
2018-11-21 11:30,{},16.29,603131,16.29,16.1,16.28,53.18,2659.0
2018-11-21 11:30,,16.29,603131,16.29,16.1,16.28,,2659.0
2018-11-21 14:00,,16.21,603131,16.34,16.05,16.29,,4440.0
2018-11-21 14:00,{},16.21,603131,16.34,16.05,16.29,88.8,4440.0
2018-11-21 15:00,{},16.05,603131,16.21,15.86,16.21,123.34,6167.0
2018-11-21 15:00,,16.05,603131,16.21,15.86,16.21,,6167.0
2018-11-22 10:30,{},15.92,603131,16.31,15.61,15.99,164.12,8206.0
2018-11-22 10:30,,15.92,603131,16.31,15.61,15.99,,8206.0
2018-11-22 11:30,,15.87,603131,16.04,15.87,15.92,,2668.0
2018-11-22 11:30,{},15.87,603131,16.04,15.87,15.92,53.36,2668.0
2018-11-22 14:00,,15.91,603131,15.92,15.82,15.87,,1878.0
2018-11-22 14:00,{},15.91,603131,15.92,15.82,15.87,37.56,1878.0
2018-11-22 15:00,{},15.9,603131,16.0,15.85,15.91,59.76,2988.0
2018-11-22 15:00,,15.9,603131,16.0,15.85,15.91,,2988.0
2018-11-23 10:30,{},15.51,603131,15.83,15.51,15.67,140.84,7042.0
2018-11-23 10:30,,15.51,603131,15.83,15.51,15.67,,7042.0
2018-11-23 11:30,,15.28,603131,15.54,15.18,15.51,,4514.0
2018-11-23 11:30,{},15.28,603131,15.54,15.18,15.51,90.28,4514.0
2018-11-23 14:00,{},15.04,603131,15.34,15.01,15.28,62.38,3119.0
2018-11-23 14:00,,15.04,603131,15.34,15.01,15.28,,3119.0
2018-11-23 15:00,,14.71,603131,15.19,14.5,15.04,,6842.0
2018-11-23 15:00,{},14.71,603131,15.19,14.5,15.04,136.84,6842.0
2018-11-26 10:30,{},14.83,603131,15.0,14.5,14.7,77.14,3857.0
2018-11-26 10:30,,14.83,603131,15.0,14.5,14.7,,3857.0
2018-11-26 11:30,{},14.75,603131,14.84,14.58,14.83,28.9,1445.0
2018-11-26 11:30,,14.75,603131,14.84,14.58,14.83,,1445.0
2018-11-26 14:00,{},14.7,603131,14.82,14.63,14.75,17.42,871.0
2018-11-26 14:00,,14.7,603131,14.82,14.63,14.75,,871.0
2018-11-26 15:00,{},14.72,603131,14.73,14.61,14.7,32.64,1632.0
2018-11-26 15:00,,14.72,603131,14.73,14.61,14.7,,1632.0
2018-11-27 10:30,{},14.92,603131,14.97,14.68,14.68,51.0,2550.0
2018-11-27 10:30,,14.92,603131,14.97,14.68,14.68,,2550.0
2018-11-27 11:30,,14.87,603131,14.97,14.77,14.92,,1246.0
2018-11-27 11:30,{},14.87,603131,14.97,14.77,14.92,24.92,1246.0
2018-11-27 14:00,{},14.67,603131,14.87,14.65,14.87,29.68,1484.0
2018-11-27 14:00,,14.67,603131,14.87,14.65,14.87,,1484.0
2018-11-27 15:00,,14.84,603131,14.84,14.61,14.67,,2269.0
2018-11-27 15:00,{},14.84,603131,14.84,14.61,14.67,45.38,2269.0
2018-11-28 10:30,{},14.57,603131,15.0,14.52,15.0,55.86,2793.0
2018-11-28 10:30,,14.57,603131,15.0,14.52,15.0,,2793.0
2018-11-28 11:30,{},14.56,603131,14.69,14.51,14.57,76.1,3805.0
2018-11-28 11:30,,14.56,603131,14.69,14.51,14.57,,3805.0
2018-11-28 14:00,,14.95,603131,14.95,14.56,14.66,,3149.0
2018-11-28 14:00,{},14.95,603131,14.95,14.56,14.66,62.98,3149.0
2018-11-28 15:00,,14.89,603131,14.98,14.83,14.95,,2692.0
2018-11-28 15:00,{},14.89,603131,14.98,14.83,14.95,53.84,2692.0
2018-11-29 10:30,{},14.9,603131,14.99,14.8,14.99,56.64,2832.0
2018-11-29 10:30,,14.9,603131,14.99,14.8,14.99,,2832.0
2018-11-29 11:30,{},14.9,603131,14.93,14.84,14.9,33.86,1693.0
2018-11-29 11:30,,14.9,603131,14.93,14.84,14.9,,1693.0
2018-11-29 14:00,{},14.88,603131,14.92,14.86,14.9,53.88,2694.0
2018-11-29 14:00,,14.88,603131,14.92,14.86,14.9,,2694.0
2018-11-29 15:00,,14.58,603131,14.88,14.56,14.88,,3730.0
2018-11-29 15:00,{},14.58,603131,14.88,14.56,14.88,74.6,3730.0
2018-11-30 10:30,{},14.55,603131,14.7,14.51,14.7,24.66,1233.0
2018-11-30 10:30,,14.55,603131,14.7,14.51,14.7,,1233.0
2018-11-30 11:30,{},14.51,603131,14.58,14.44,14.55,20.62,1031.0
2018-11-30 11:30,,14.51,603131,14.58,14.44,14.55,,1031.0
2018-11-30 14:00,,14.35,603131,14.52,14.22,14.51,,2009.0
2018-11-30 14:00,{},14.35,603131,14.52,14.22,14.51,40.18,2009.0
2018-11-30 15:00,{},14.56,603131,14.6,14.35,14.35,29.5,1475.0
2018-11-30 15:00,,14.56,603131,14.6,14.35,14.35,,1475.0
2018-12-03 10:30,,15.11,603131,15.35,14.81,14.81,,6072.0
2018-12-03 10:30,{},15.11,603131,15.35,14.81,14.81,121.44,6072.0
2018-12-03 11:30,,15.03,603131,15.13,14.99,15.11,,2510.0
2018-12-03 11:30,{},15.03,603131,15.13,14.99,15.11,50.2,2510.0
2018-12-03 14:00,,15.2,603131,15.2,15.03,15.03,,2148.0
2018-12-03 14:00,{},15.2,603131,15.2,15.03,15.03,42.96,2148.0
2018-12-03 15:00,{},15.13,603131,15.21,15.1,15.2,74.72,3736.0
2018-12-03 15:00,,15.13,603131,15.21,15.1,15.2,,3736.0
2018-12-04 10:30,{},15.07,603131,15.2,15.0,15.08,43.14,2157.0
2018-12-04 10:30,,15.07,603131,15.2,15.0,15.08,,2157.0
2018-12-04 11:30,{},15.07,603131,15.13,15.01,15.07,20.14,1007.0
2018-12-04 11:30,,15.07,603131,15.13,15.01,15.07,,1007.0
2018-12-04 14:00,{},15.05,603131,15.07,15.01,15.07,25.64,1282.0
2018-12-04 14:00,,15.05,603131,15.07,15.01,15.07,,1282.0
2018-12-04 15:00,,15.15,603131,15.18,15.04,15.05,,2467.0
2018-12-04 15:00,{},15.15,603131,15.18,15.04,15.05,49.34,2467.0
2018-12-05 10:30,{},14.92,603131,14.93,14.7,14.87,76.1,3805.0
2018-12-05 10:30,,14.92,603131,14.93,14.7,14.87,,3805.0
2018-12-05 11:30,{},14.98,603131,14.98,14.92,14.92,15.88,794.0
2018-12-05 11:30,,14.98,603131,14.98,14.92,14.92,,794.0
2018-12-05 14:00,{},14.9,603131,15.05,14.89,14.98,24.8,1240.0
2018-12-05 14:00,,14.9,603131,15.05,14.89,14.98,,1240.0
2018-12-05 15:00,{},14.95,603131,15.01,14.89,14.9,20.02,1001.0
2018-12-05 15:00,,14.95,603131,15.01,14.89,14.9,,1001.0
2018-12-06 10:30,{},15.02,603131,15.15,14.85,14.95,43.32,2166.0
2018-12-06 10:30,,15.02,603131,15.15,14.85,14.95,,2166.0
2018-12-06 11:30,{},14.94,603131,15.04,14.9,15.02,24.22,1211.0
2018-12-06 11:30,,14.94,603131,15.04,14.9,15.02,,1211.0
2018-12-06 14:00,,14.85,603131,14.94,14.82,14.94,,1233.0
2018-12-06 14:00,{},14.85,603131,14.94,14.82,14.94,24.66,1233.0
2018-12-06 15:00,{},15.09,603131,15.09,14.85,14.85,50.66,2533.0
2018-12-06 15:00,,15.09,603131,15.09,14.85,14.85,,2533.0
2018-12-07 10:30,{},15.1,603131,15.15,15.08,15.15,43.36,2168.0
2018-12-07 10:30,,15.1,603131,15.15,15.08,15.15,,2168.0
2018-12-07 11:30,{},15.14,603131,15.14,15.02,15.1,25.58,1279.0
2018-12-07 11:30,,15.14,603131,15.14,15.02,15.1,,1279.0
2018-12-07 14:00,{},15.12,603131,15.14,15.08,15.14,17.92,896.0
2018-12-07 14:00,,15.12,603131,15.14,15.08,15.14,,896.0
2018-12-07 15:00,{},15.1,603131,15.14,15.06,15.12,34.52,1726.0
2018-12-07 15:00,,15.1,603131,15.14,15.06,15.12,,1726.0
2018-12-10 10:30,{},14.8,603131,15.06,14.71,15.06,40.52,2026.0
2018-12-10 10:30,,14.8,603131,15.06,14.71,15.06,,2026.0
2018-12-10 11:30,,14.8,603131,14.86,14.77,14.8,,310.0
2018-12-10 11:30,{},14.8,603131,14.86,14.77,14.8,6.2,310.0
2018-12-10 14:00,{},14.75,603131,14.84,14.7,14.8,20.82,1041.0
2018-12-10 14:00,,14.75,603131,14.84,14.7,14.8,,1041.0
2018-12-10 15:00,,14.75,603131,14.83,14.74,14.75,,966.0
2018-12-10 15:00,{},14.75,603131,14.83,14.74,14.75,19.32,966.0
2018-12-11 10:30,{},14.78,603131,14.99,14.61,14.98,22.2,1110.0
2018-12-11 10:30,,14.78,603131,14.99,14.61,14.98,,1110.0
2018-12-11 11:30,{},14.89,603131,14.89,14.77,14.78,7.06,353.0
2018-12-11 11:30,,14.89,603131,14.89,14.77,14.78,,353.0
2018-12-11 14:00,,14.79,603131,14.91,14.79,14.89,,570.0
2018-12-11 14:00,{},14.79,603131,14.91,14.79,14.89,11.4,570.0
2018-12-11 15:00,{},14.95,603131,14.97,14.7,14.79,27.3,1365.0
2018-12-11 15:00,,14.95,603131,14.97,14.7,14.79,,1365.0
2018-12-12 10:30,{},15.07,603131,15.1,14.95,14.95,27.5,1375.0
2018-12-12 10:30,,15.07,603131,15.1,14.95,14.95,,1375.0
2018-12-12 11:30,,15.04,603131,15.07,15.0,15.07,,783.0
2018-12-12 11:30,{},15.04,603131,15.07,15.0,15.07,15.66,783.0
2018-12-12 14:00,{},14.93,603131,15.05,14.93,15.04,20.2,1010.0
2018-12-12 14:00,,14.93,603131,15.05,14.93,15.04,,1010.0
2018-12-12 15:00,{},14.95,603131,15.03,14.92,14.93,16.96,848.0
2018-12-12 15:00,,14.95,603131,15.03,14.92,14.93,,848.0
2018-12-13 10:30,,15.62,603131,15.73,15.05,15.05,,9509.0
2018-12-13 10:30,{},15.62,603131,15.73,15.05,15.05,190.18,9509.0
2018-12-13 11:30,{},15.74,603131,15.8,15.58,15.62,115.14,5757.0
2018-12-13 11:30,,15.74,603131,15.8,15.58,15.62,,5757.0
2018-12-13 14:00,{},15.85,603131,16.0,15.7,15.74,166.04,8302.0
2018-12-13 14:00,,15.85,603131,16.0,15.7,15.74,,8302.0
2018-12-13 15:00,{},15.8,603131,15.96,15.75,15.85,89.4,4470.0
2018-12-13 15:00,,15.8,603131,15.96,15.75,15.85,,4470.0
2018-12-14 10:30,{},15.62,603131,15.85,15.56,15.79,114.18,5709.0
2018-12-14 11:30,{},16.09,603131,16.14,15.6,15.62,135.88,6794.0
2018-12-14 14:00,{},16.08,603131,16.29,16.03,16.09,164.62,8231.0
2018-12-14 15:00,{},15.92,603131,16.1,15.88,16.08,104.44,5222.0
2018-12-17 10:30,{},15.73,603131,16.07,15.55,15.88,133.3,6665.0
2018-12-17 11:30,{},15.85,603131,15.88,15.61,15.73,27.4,1370.0
2018-12-17 14:00,{},16.09,603131,16.2,15.81,15.85,92.3,4615.0
2018-12-17 15:00,{},16.35,603131,16.47,16.09,16.09,175.98,8799.0
2018-12-18 10:30,{},17.99,603131,17.99,16.6,16.6,715.74,35787.0
2018-12-18 11:30,{},17.84,603131,17.99,17.39,17.99,663.46,33173.0
2018-12-18 14:00,{},17.76,603131,17.85,17.66,17.84,134.06,6703.0
2018-12-18 15:00,{},17.97,603131,17.99,17.6,17.76,409.7,20485.0
2018-12-19 10:30,{},16.72,603131,17.1,16.51,17.0,715.7,35785.0
2018-12-19 11:30,{},16.65,603131,16.73,16.43,16.72,209.1,10455.0
2018-12-19 14:00,{},16.56,603131,16.87,16.45,16.65,122.44,6122.0
2018-12-19 15:00,{},16.18,603131,16.94,16.18,16.56,300.44,15022.0
2018-12-20 10:30,{},16.18,603131,16.6,16.06,16.38,266.72,13336.0
2018-12-20 11:30,{},16.26,603131,16.38,16.1,16.19,70.76,3538.0
2018-12-20 14:00,{},16.2,603131,16.37,16.0,16.26,116.1,5805.0
2018-12-20 15:00,{},15.91,603131,16.2,15.81,16.2,239.18,11959.0
2018-12-21 10:30,{},16.26,603131,16.33,15.9,16.03,219.86,10993.0
2018-12-21 11:30,{},16.05,603131,16.27,16.05,16.26,93.7,4685.0
2018-12-21 14:00,{},15.86,603131,16.14,15.77,16.05,78.2,3910.0
2018-12-21 15:00,{},15.75,603131,15.87,15.48,15.86,243.0,12150.0
2018-12-24 10:30,{},15.76,603131,16.28,15.59,15.91,118.94,5947.0
2018-12-24 11:30,{},15.78,603131,15.8,15.71,15.76,63.74,3187.0
2018-12-24 14:00,{},15.83,603131,15.91,15.74,15.78,60.92,3046.0
2018-12-24 15:00,{},15.73,603131,15.87,15.64,15.83,135.38,6769.0
2018-12-25 10:30,{},14.98,603131,15.55,14.98,15.51,211.26,10563.0
2018-12-25 11:30,{},14.78,603131,15.0,14.67,14.98,158.78,7939.0
2018-12-25 14:00,{},15.05,603131,15.09,14.78,14.78,65.6,3280.0
2018-12-25 15:00,{},15.3,603131,15.4,15.05,15.05,97.14,4857.0
2018-12-26 10:30,{},15.26,603131,15.45,15.02,15.45,84.04,4202.0
2018-12-26 11:30,{},15.38,603131,15.49,15.23,15.26,58.5,2925.0
2018-12-26 14:00,{},15.21,603131,15.39,15.13,15.38,53.98,2699.0
2018-12-26 15:00,{},15.17,603131,15.33,15.15,15.21,74.7,3735.0
2018-12-27 10:30,{},15.25,603131,15.39,15.21,15.35,56.7,2835.0
2018-12-27 11:30,{},15.17,603131,15.27,15.13,15.25,46.32,2316.0
2018-12-27 14:00,{},15.1,603131,15.25,15.08,15.17,47.36,2368.0
2018-12-27 15:00,{},14.79,603131,15.2,14.72,15.1,98.84,4942.0
2018-12-28 10:30,{},15.63,603131,15.85,14.9,14.97,257.44,12872.0
2018-12-28 11:30,{},15.53,603131,15.7,15.44,15.63,67.98,3399.0
2018-12-28 14:00,{},15.37,603131,15.56,15.35,15.53,40.74,2037.0
2018-12-28 15:00,{},15.39,603131,15.5,15.21,15.37,90.3,4515.0
2019-01-02 10:30,{},15.1,603131,15.58,15.01,15.58,121.94,6097.0
2019-01-02 11:30,{},15.1,603131,15.15,15.06,15.1,44.26,2213.0
2019-01-02 14:00,{},15.19,603131,15.27,15.08,15.1,61.28,3064.0
2019-01-02 15:00,{},15.17,603131,15.41,15.06,15.19,82.1,4105.0
2019-01-03 10:30,{},15.72,603131,15.85,15.01,15.07,264.82,13241.0
2019-01-03 11:30,{},15.52,603131,15.73,15.47,15.72,64.06,3203.0
2019-01-03 14:00,{},15.73,603131,15.74,15.51,15.52,63.0,3150.0
2019-01-03 15:00,{},15.8,603131,15.8,15.53,15.73,115.48,5774.0
2019-01-04 10:30,{},15.65,603131,15.93,15.25,15.5,209.46,10473.0
2019-01-04 11:30,{},16.04,603131,16.08,15.63,15.65,114.48,5724.0
2019-01-04 14:00,{},15.93,603131,16.1,15.79,16.04,142.32,7116.0
2019-01-04 15:00,{},16.23,603131,16.27,15.79,15.93,212.34,10617.0
2019-01-07 10:30,{},16.17,603131,16.6,16.03,16.5,262.22,13111.0
2019-01-07 11:30,{},16.43,603131,16.57,16.13,16.17,128.2,6410.0
2019-01-07 14:00,{},16.34,603131,16.53,16.27,16.43,81.84,4092.0
2019-01-07 15:00,{},16.22,603131,16.41,16.2,16.34,153.96,7698.0
2019-01-08 10:30,{},16.0,603131,16.3,16.0,16.25,163.88,8194.0
2019-01-08 11:30,{},16.09,603131,16.1,15.9,16.0,74.46,3723.0
2019-01-08 14:00,{},16.0,603131,16.1,15.96,16.09,51.78,2589.0
2019-01-08 15:00,{},16.07,603131,16.07,15.88,16.0,117.12,5856.0
2019-01-09 10:30,{},16.17,603131,16.3,16.04,16.3,107.18,5359.0
2019-01-09 11:30,{},16.17,603131,16.25,16.15,16.17,48.42,2421.0
2019-01-09 14:00,{},16.2,603131,16.32,16.16,16.17,81.32,4066.0
2019-01-09 15:00,{},15.95,603131,16.2,15.92,16.2,94.58,4729.0
2019-01-10 10:30,{},16.26,603131,16.33,15.87,16.01,141.0,7050.0
2019-01-10 11:30,{},16.16,603131,16.26,16.12,16.26,38.4,1920.0
2019-01-10 14:00,{},16.26,603131,16.26,16.13,16.16,65.4,3270.0
2019-01-10 15:00,{},16.26,603131,16.3,16.08,16.26,105.34,5267.0
2019-01-11 10:30,{},16.04,603131,16.24,15.9,16.11,74.54,3727.0
2019-01-11 11:30,{},16.14,603131,16.24,16.03,16.04,33.74,1687.0
2019-01-11 14:00,{},16.2,603131,16.27,16.13,16.14,51.98,2599.0
2019-01-11 15:00,{},16.24,603131,16.3,16.15,16.2,91.42,4571.0
2019-01-14 10:30,{},15.99,603131,16.38,15.91,16.25,72.62,3631.0
2019-01-14 11:30,{},15.93,603131,16.04,15.9,15.99,27.42,1371.0
2019-01-14 14:00,{},15.84,603131,15.98,15.75,15.93,48.5,2425.0
2019-01-14 15:00,{},16.06,603131,16.08,15.66,15.84,102.72,5136.0
2019-01-15 10:30,{},16.1,603131,16.23,15.8,16.05,66.0,3300.0
2019-01-15 11:30,{},16.18,603131,16.2,16.04,16.1,43.96,2198.0
2019-01-15 14:00,{},16.25,603131,16.28,16.18,16.18,65.76,3288.0
2019-01-15 15:00,{},16.25,603131,16.27,16.21,16.25,109.24,5462.0
2019-01-16 10:30,{},16.58,603131,16.63,16.22,16.28,149.18,7459.0
2019-01-16 11:30,{},16.44,603131,16.58,16.4,16.58,63.9,3195.0
2019-01-16 14:00,{},16.35,603131,16.4,16.26,16.4,51.26,2563.0
2019-01-16 15:00,{},16.13,603131,16.36,16.13,16.35,75.52,3776.0
2019-01-17 10:30,{},15.98,603131,16.21,15.9,15.98,94.8,4740.0
2019-01-17 11:30,{},16.05,603131,16.18,15.98,15.98,28.74,1437.0
2019-01-17 14:00,{},16.0,603131,16.12,15.99,16.08,23.08,1154.0
2019-01-17 15:00,{},15.88,603131,16.0,15.86,16.0,78.14,3907.0
2019-01-18 10:30,{},15.85,603131,16.03,15.81,15.83,54.56,2728.0
2019-01-18 11:30,{},15.88,603131,15.89,15.8,15.85,33.76,1688.0
2019-01-18 14:00,{},15.94,603131,15.94,15.87,15.88,15.38,769.0
2019-01-18 15:00,{},16.1,603131,16.14,15.94,15.94,79.96,3998.0
2019-01-21 10:30,{},16.27,603131,16.33,15.92,16.03,77.5,3875.0
2019-01-21 11:30,{},16.3,603131,16.31,16.22,16.27,33.46,1673.0
2019-01-21 14:00,{},16.11,603131,16.3,16.06,16.3,34.98,1749.0
2019-01-21 15:00,{},16.14,603131,16.17,16.06,16.11,29.48,1474.0
2019-01-22 10:30,{},16.22,603131,16.28,15.95,16.15,27.04,1352.0
2019-01-22 11:30,{},16.14,603131,16.22,16.13,16.22,19.8,990.0
2019-01-22 14:00,{},16.03,603131,16.16,15.99,16.14,31.1,1555.0
2019-01-22 15:00,{},15.95,603131,16.04,15.86,16.03,70.9,3545.0
2019-01-23 10:30,{},16.0,603131,16.05,15.87,15.95,47.04,2352.0
2019-01-23 11:30,{},16.05,603131,16.11,16.0,16.0,29.26,1463.0
2019-01-23 14:00,{},16.06,603131,16.08,16.02,16.05,12.74,637.0
2019-01-23 15:00,{},16.14,603131,16.15,16.06,16.06,48.24,2412.0
2019-01-24 10:30,{},16.77,603131,17.31,16.07,16.14,289.38,14469.0
2019-01-24 11:30,{},16.77,603131,16.9,16.73,16.77,59.66,2983.0
2019-01-24 14:00,{},16.85,603131,16.88,16.77,16.77,50.58,2529.0
2019-01-24 15:00,{},16.79,603131,16.86,16.72,16.85,115.04,5752.0
2019-01-25 10:30,{},16.79,603131,16.96,16.6,16.8,97.18,4859.0
2019-01-25 11:30,{},16.6,603131,16.79,16.55,16.79,46.86,2343.0
2019-01-25 14:00,{},16.67,603131,16.69,16.59,16.6,21.6,1080.0
2019-01-25 15:00,{},16.66,603131,16.67,16.58,16.67,63.5,3175.0
2019-01-28 10:30,{},17.17,603131,17.36,16.71,16.9,186.34,9317.0
2019-01-28 11:30,{},17.18,603131,17.34,17.03,17.17,115.4,5770.0
2019-01-28 14:00,{},17.08,603131,17.31,16.99,17.18,94.76,4738.0
2019-01-28 15:00,{},17.39,603131,17.4,16.81,17.08,178.34,8917.0
2019-01-29 10:30,{},16.89,603131,17.29,16.85,17.28,168.36,8418.0
2019-01-29 11:30,{},16.78,603131,17.01,16.68,16.89,109.02,5451.0
2019-01-29 14:00,{},16.81,603131,16.9,16.75,16.8,40.54,2027.0
2019-01-29 15:00,{},16.88,603131,16.91,16.75,16.81,58.3,2915.0
2019-01-30 10:30,{},16.68,603131,16.8,16.56,16.8,52.64,2632.0
2019-01-30 11:30,{},16.7,603131,16.76,16.51,16.68,38.56,1928.0
2019-01-30 14:00,{},16.51,603131,16.7,16.51,16.7,35.02,1751.0
2019-01-30 15:00,{},16.32,603131,16.52,16.16,16.51,113.34,5667.0
2019-01-31 10:30,{},16.3,603131,16.54,16.18,16.32,41.66,2083.0
2019-01-31 11:30,{},16.25,603131,16.58,16.25,16.3,42.7,2135.0
2019-01-31 14:00,{},15.92,603131,16.3,15.92,16.25,68.2,3410.0
2019-01-31 15:00,{},15.79,603131,15.93,15.7,15.92,91.5,4575.0
2019-02-01 10:30,{},16.1,603131,16.17,15.57,15.57,48.48,2424.0
2019-02-01 11:30,{},16.17,603131,16.18,16.08,16.1,20.58,1029.0
2019-02-01 14:00,{},16.34,603131,16.5,16.15,16.17,28.88,1444.0
2019-02-01 15:00,{},16.57,603131,16.68,16.33,16.34,99.16,4958.0
2019-02-11 10:30,{},16.83,603131,16.86,16.57,16.75,65.54,3277.0
2019-02-11 11:30,{},16.74,603131,16.9,16.69,16.83,47.66,2383.0
2019-02-11 14:00,{},16.72,603131,16.82,16.68,16.74,33.22,1661.0
2019-02-11 15:00,{},16.81,603131,16.86,16.7,16.72,72.94,3647.0
2019-02-12 10:30,{},16.79,603131,17.0,16.71,16.99,60.56,3028.0
2019-02-12 11:30,{},16.85,603131,16.9,16.78,16.79,47.58,2379.0
2019-02-12 14:00,{},16.73,603131,16.87,16.69,16.85,55.08,2754.0
2019-02-12 15:00,{},16.81,603131,16.82,16.69,16.73,60.36,3018.0
2019-02-13 10:30,{},17.14,603131,17.28,16.8,16.81,123.48,6174.0
2019-02-13 11:30,{},17.11,603131,17.19,17.04,17.14,56.78,2839.0
2019-02-13 14:00,{},17.19,603131,17.26,17.11,17.11,69.24,3462.0
2019-02-13 15:00,{},17.29,603131,17.3,17.15,17.19,122.44,6122.0
2019-02-14 10:30,{},17.35,603131,17.85,17.32,17.45,258.1,12905.0
2019-02-14 11:30,{},17.19,603131,17.4,17.11,17.35,69.9,3495.0
2019-02-14 14:00,{},17.5,603131,17.5,17.12,17.19,68.22,3411.0
2019-02-14 15:00,{},17.47,603131,17.56,17.27,17.5,125.82,6291.0
2019-02-15 10:30,{},17.78,603131,17.78,17.1,17.24,98.38,4919.0
2019-02-15 11:30,{},17.85,603131,17.85,17.59,17.78,154.18,7709.0
2019-02-15 14:00,{},17.84,603131,17.98,17.76,17.85,108.9,5445.0
2019-02-15 15:00,{},17.79,603131,17.96,17.74,17.84,139.44,6972.0
2019-02-18 10:30,{},17.85,603131,18.44,17.76,17.98,224.12,11206.0
2019-02-18 11:30,{},17.85,603131,17.89,17.78,17.85,80.5,4025.0
2019-02-18 14:00,{},17.88,603131,17.97,17.84,17.85,115.7,5785.0
2019-02-18 15:00,{},18.05,603131,18.13,17.88,17.88,109.66,5483.0
2019-02-19 10:30,{},18.2,603131,18.31,17.82,17.98,194.44,9722.0
2019-02-19 11:30,{},18.76,603131,18.97,18.2,18.2,241.64,12082.0
2019-02-19 14:00,{},19.67,603131,19.82,18.32,18.76,419.02,20951.0
2019-02-19 15:00,{},19.23,603131,19.67,18.91,19.67,219.16,10958.0
2019-02-20 10:30,{},19.36,603131,19.56,18.86,18.97,274.2,13710.0
2019-02-20 11:30,{},19.07,603131,19.37,18.96,19.36,75.92,3796.0
2019-02-20 14:00,{},18.95,603131,19.07,18.88,19.07,98.6,4930.0
2019-02-20 15:00,{},19.06,603131,19.11,18.95,18.95,120.06,6003.0
2019-02-21 10:30,{},18.98,603131,19.07,18.66,19.07,131.7,6585.0
2019-02-21 11:30,{},18.97,603131,19.11,18.92,18.98,71.88,3594.0
2019-02-21 14:00,{},19.85,603131,20.5,18.95,18.97,302.08,15104.0
2019-02-21 15:00,{},19.66,603131,19.96,19.46,19.83,248.86,12443.0
2019-02-22 10:30,{},19.87,603131,20.29,19.3,19.5,195.26,9763.0
2019-02-22 11:30,{},19.75,603131,20.05,19.6,19.87,108.84,5442.0
2019-02-22 14:00,{},19.82,603131,19.99,19.58,19.75,82.62,4131.0
2019-02-22 15:00,{},19.8,603131,19.98,19.72,19.82,147.28,7364.0
2019-02-25 10:30,{},20.49,603131,20.5,19.75,19.8,353.72,17686.0
2019-02-25 11:30,{},20.65,603131,20.88,20.3,20.49,190.4,9520.0
2019-02-25 14:00,{},20.94,603131,21.2,20.38,20.65,227.52,11376.0
2019-02-25 15:00,{},21.02,603131,21.22,20.85,20.94,191.24,9562.0
2019-02-26 10:30,{},20.78,603131,21.38,20.62,20.99,381.28,19064.0
2019-02-26 11:30,{},20.65,603131,20.85,20.4,20.78,193.32,9666.0
2019-02-26 14:00,{},20.68,603131,21.11,20.5,20.65,147.6,7380.0
2019-02-26 15:00,{},20.36,603131,20.8,20.3,20.68,216.38,10819.0
2019-02-27 10:30,{},20.35,603131,20.5,20.02,20.02,237.14,11857.0
2019-02-27 11:30,{},20.41,603131,20.85,20.3,20.35,114.08,5704.0
2019-02-27 14:00,{},20.22,603131,20.6,20.1,20.41,107.66,5383.0
2019-02-27 15:00,{},20.03,603131,20.22,19.9,20.22,165.1,8255.0
2019-02-28 10:30,{},20.86,603131,21.0,19.99,19.99,292.2,14610.0
2019-02-28 11:30,{},20.89,603131,20.93,20.74,20.86,114.62,5731.0
2019-02-28 14:00,{},20.68,603131,20.92,20.54,20.89,77.5,3875.0
2019-02-28 15:00,{},20.6,603131,20.68,20.45,20.68,98.94,4947.0
2019-03-01 10:30,{},20.26,603131,20.71,20.2,20.6,143.62,7181.0
2019-03-01 11:30,{},20.29,603131,20.44,20.25,20.26,43.44,2172.0
2019-03-01 14:00,{},20.3,603131,20.5,20.21,20.29,63.98,3199.0
2019-03-01 15:00,{},20.57,603131,20.6,20.27,20.3,115.92,5796.0
2019-03-04 10:30,{},21.05,603131,21.14,20.65,20.65,247.16,12358.0
2019-03-04 11:30,{},21.04,603131,21.08,20.83,21.05,85.12,4256.0
2019-03-04 14:00,{},21.01,603131,21.18,20.78,21.04,139.48,6974.0
2019-03-04 15:00,{},20.72,603131,21.01,20.62,21.01,142.06,7103.0
2019-03-05 10:30,{},20.87,603131,21.14,20.56,20.7,209.94,10497.0
2019-03-05 11:30,{},20.7,603131,20.95,20.69,20.87,133.14,6657.0
2019-03-05 14:00,{},20.66,603131,20.82,20.54,20.7,217.94,10897.0
2019-03-05 15:00,{},20.95,603131,20.96,20.56,20.66,166.74,8337.0
2019-03-06 10:30,{},20.75,603131,20.97,20.61,20.77,188.0,9400.0
2019-03-06 11:30,{},21.6,603131,21.76,20.74,20.75,294.0,14700.0
2019-03-06 14:00,{},21.26,603131,21.76,21.2,21.6,164.12,8206.0
2019-03-06 15:00,{},21.28,603131,21.45,21.09,21.26,143.88,7194.0
2019-03-07 10:30,{},22.83,603131,23.14,22.11,22.11,636.92,31846.0
2019-03-07 11:30,{},22.67,603131,22.83,22.34,22.83,258.18,12909.0
2019-03-07 14:00,{},22.48,603131,22.69,22.12,22.67,147.56,7378.0
2019-03-07 15:00,{},22.87,603131,22.99,22.4,22.48,225.72,11286.0
2019-03-08 10:30,{},23.5,603131,23.55,21.49,22.2,513.16,25658.0
2019-03-08 11:30,{},22.9,603131,23.5,22.58,23.5,221.42,11071.0
2019-03-08 14:00,{},22.51,603131,22.95,22.45,22.9,92.12,4606.0
2019-03-08 15:00,{},22.14,603131,22.57,22.14,22.51,181.4,9070.0
2019-03-11 10:30,{},22.39,603131,23.12,22.12,22.14,194.2,9710.0
2019-03-11 11:30,{},22.63,603131,22.77,22.3,22.39,53.06,2653.0
2019-03-11 14:00,{},22.54,603131,22.7,22.47,22.63,49.96,2498.0
2019-03-11 15:00,{},22.69,603131,22.76,22.36,22.54,70.14,3507.0
2019-03-12 10:30,{},23.11,603131,23.2,22.51,22.7,250.16,12508.0
2019-03-12 11:30,{},23.42,603131,23.5,23.11,23.11,182.72,9136.0
2019-03-12 14:00,{},23.31,603131,23.8,23.28,23.42,163.1,8155.0
2019-03-12 15:00,{},23.7,603131,23.75,23.25,23.31,185.78,9289.0
2019-03-13 10:30,{},24.92,603131,25.06,23.72,23.72,396.14,19807.0
2019-03-13 11:30,{},26.07,603131,26.07,24.75,24.92,573.38,28669.0
2019-03-13 14:00,{},26.07,603131,26.07,25.91,26.07,312.32,15616.0
2019-03-13 15:00,{},26.07,603131,26.07,26.01,26.07,404.24,20212.0
2019-03-14 10:30,{},25.07,603131,27.5,24.92,26.2,721.76,36088.0
2019-03-14 11:30,{},25.32,603131,25.75,24.9,25.07,104.18,5209.0
2019-03-14 14:00,{},26.3,603131,26.69,25.14,25.32,164.88,8244.0
2019-03-14 15:00,{},25.9,603131,26.42,25.39,26.3,153.12,7656.0
2019-03-15 10:30,{},26.24,603131,26.54,25.48,25.88,286.9,14345.0
2019-03-15 11:30,{},26.88,603131,26.96,25.69,26.24,253.48,12674.0
2019-03-15 14:00,{},26.5,603131,27.58,26.18,26.88,260.62,13031.0
2019-03-15 15:00,{},27.0,603131,27.3,26.39,26.5,147.46,7373.0
2019-03-18 10:30,{},26.37,603131,26.9,25.7,26.9,236.6,11830.0
2019-03-18 11:30,{},25.9,603131,26.45,25.86,26.37,98.48,4924.0
2019-03-18 14:00,{},25.94,603131,26.22,25.79,25.9,92.52,4626.0
2019-03-18 15:00,{},25.99,603131,26.19,25.82,25.94,154.42,7721.0
2019-03-19 10:30,{},25.57,603131,26.1,25.22,25.9,251.74,12587.0
2019-03-19 11:30,{},25.49,603131,25.68,25.34,25.57,65.48,3274.0
2019-03-19 14:00,{},25.6,603131,25.81,25.46,25.49,57.74,2887.0
2019-03-19 15:00,{},25.76,603131,25.83,25.54,25.6,108.8,5440.0
2019-03-20 10:30,{},25.77,603131,26.28,25.63,26.0,150.64,7532.0
2019-03-20 11:30,{},25.01,603131,25.78,24.92,25.77,132.54,6627.0
2019-03-20 14:00,{},25.13,603131,25.47,24.94,25.01,76.04,3802.0
2019-03-20 15:00,{},25.26,603131,25.4,25.1,25.13,99.3,4965.0
2019-03-21 10:30,{},25.48,603131,25.54,25.15,25.51,100.28,5014.0
2019-03-21 11:30,{},25.3,603131,25.48,25.15,25.48,52.68,2634.0
2019-03-21 14:00,{},25.36,603131,25.54,25.23,25.3,91.28,4564.0
2019-03-21 15:00,{},25.2,603131,25.49,25.2,25.36,122.02,6101.0
2019-03-22 10:30,{},24.82,603131,25.53,24.76,25.18,154.4,7720.0
2019-03-22 11:30,{},24.5,603131,25.0,24.07,24.82,146.7,7335.0
2019-03-22 14:00,{},24.32,603131,24.68,24.28,24.5,105.48,5274.0
2019-03-22 15:00,{},24.5,603131,24.54,24.23,24.32,173.74,8687.0
2019-03-25 10:30,{},26.42,603131,26.84,24.75,24.75,543.22,27161.0
2019-03-25 11:30,{},25.94,603131,26.46,25.86,26.42,105.6,5280.0
2019-03-25 14:00,{},26.02,603131,26.38,25.88,25.94,71.3,3565.0
2019-03-25 15:00,{},25.35,603131,26.02,25.31,26.02,150.3,7515.0
2019-03-26 10:30,{},24.75,603131,25.54,24.45,25.11,178.4,8920.0
2019-03-26 11:30,{},24.68,603131,24.89,24.68,24.75,42.84,2142.0
2019-03-26 14:00,{},24.42,603131,24.69,24.42,24.68,68.66,3433.0
2019-03-26 15:00,{},24.1,603131,24.42,23.98,24.42,154.2,7710.0
2019-03-27 10:30,{},23.99,603131,24.75,23.61,24.27,143.64,7182.0
2019-03-27 11:30,{},24.15,603131,24.35,23.93,23.99,43.82,2191.0
2019-03-27 14:00,{},23.98,603131,24.29,23.88,24.15,37.54,1877.0
2019-03-27 15:00,{},24.01,603131,24.19,23.9,23.99,62.08,3104.0
2019-03-28 10:30,{},24.44,603131,24.65,23.95,24.34,111.32,5566.0
2019-03-28 11:30,{},24.1,603131,24.45,24.04,24.44,55.72,2786.0
2019-03-28 14:00,{},24.11,603131,24.14,23.96,24.1,31.76,1588.0
2019-03-28 15:00,{},23.88,603131,24.24,23.88,24.11,60.14,3007.0
2019-03-29 10:30,{},24.4,603131,24.53,23.57,24.03,145.12,7256.0
2019-03-29 11:30,{},25.21,603131,25.5,24.4,24.4,220.6,11030.0
2019-03-29 14:00,{},25.8,603131,25.98,25.21,25.21,241.44,12072.0
2019-03-29 15:00,{},25.53,603131,25.9,25.45,25.8,88.5,4425.0
2019-04-01 10:30,{},26.07,603131,26.3,25.53,25.93,178.62,8931.0
2019-04-01 11:30,{},26.2,603131,26.25,26.03,26.07,43.32,2166.0
2019-04-01 14:00,{},25.83,603131,26.25,25.66,26.2,134.44,6722.0
2019-04-01 15:00,{},25.97,603131,25.99,25.7,25.83,101.34,5067.0
2019-04-02 10:30,{},26.05,603131,26.45,25.9,26.3,102.68,5134.0
2019-04-02 11:30,{},25.93,603131,26.06,25.81,26.05,45.8,2290.0
2019-04-02 14:00,{},26.78,603131,26.8,25.83,25.93,176.36,8818.0
2019-04-02 15:00,{},28.56,603131,28.57,26.69,26.78,714.78,35739.0
2019-04-03 10:30,{},28.18,603131,28.55,27.78,28.55,191.98,9599.0
2019-04-03 11:30,{},28.3,603131,28.35,27.98,28.18,54.78,2739.0
2019-04-03 14:00,{},30.33,603131,31.0,28.25,28.3,349.52,17476.0
2019-04-03 15:00,{},28.95,603131,30.33,28.57,30.33,399.64,19982.0
2019-04-04 10:30,{},28.96,603131,29.76,28.47,28.47,252.76,12638.0
2019-04-04 11:30,{},28.88,603131,28.99,28.64,28.96,84.52,4226.0
2019-04-04 14:00,{},29.48,603131,29.81,28.79,28.88,161.98,8099.0
2019-04-04 15:00,{},29.05,603131,29.48,28.93,29.48,150.16,7508.0
2019-04-08 10:30,{},28.87,603131,29.53,28.58,28.58,279.7,13985.0
2019-04-08 11:30,{},28.13,603131,28.87,28.0,28.87,142.0,7100.0
2019-04-08 14:00,{},27.75,603131,28.13,27.2,28.13,172.88,8644.0
2019-04-08 15:00,{},28.21,603131,28.21,27.6,27.75,89.78,4489.0
2019-04-09 10:30,{},27.03,603131,28.18,26.91,27.96,270.2,13510.0
2019-04-09 11:30,{},27.0,603131,27.18,26.75,27.03,221.12,11056.0
2019-04-09 14:00,{},26.79,603131,27.18,26.75,27.0,159.22,7961.0
2019-04-09 15:00,{},26.89,603131,27.11,26.58,26.79,151.54,7577.0
2019-04-10 10:30,{},26.6,603131,26.95,26.36,26.95,143.5,7175.0
2019-04-10 11:30,{},26.73,603131,26.76,26.6,26.6,36.94,1847.0
2019-04-10 14:00,{},27.0,603131,27.31,26.73,26.73,114.74,5737.0
2019-04-10 15:00,{},26.6,603131,27.18,26.57,27.0,123.06,6153.0
2019-04-11 10:30,{},26.5,603131,27.3,26.48,26.79,292.72,14636.0
2019-04-11 11:30,{},26.44,603131,26.83,26.15,26.5,144.9,7245.0
2019-04-11 14:00,{},26.43,603131,26.5,26.22,26.44,104.76,5238.0
2019-04-11 15:00,{},26.18,603131,26.48,26.15,26.43,95.82,4791.0
2019-04-12 10:30,{},26.31,603131,26.47,26.0,26.2,118.5,5925.0
2019-04-12 11:30,{},26.24,603131,26.32,26.12,26.31,42.48,2124.0
2019-04-12 14:00,{},25.62,603131,26.28,25.5,26.24,137.34,6867.0
2019-04-12 15:00,{},25.9,603131,26.29,25.5,25.62,143.3,7165.0
2019-04-15 10:30,{},26.95,603131,27.41,26.27,26.27,269.64,13482.0
2019-04-15 11:30,{},26.57,603131,26.99,26.56,26.95,99.48,4974.0
2019-04-15 14:00,{},26.38,603131,26.79,26.36,26.57,64.2,3210.0
2019-04-15 15:00,{},26.45,603131,26.66,26.18,26.38,125.1,6255.0
2019-04-16 10:30,{},25.99,603131,26.62,25.78,26.62,108.14,5407.0
2019-04-16 11:30,{},26.18,603131,26.25,25.89,25.99,57.5,2875.0
2019-04-16 14:00,{},26.43,603131,26.5,26.0,26.18,64.7,3235.0
2019-04-16 15:00,{},27.29,603131,27.37,26.41,26.43,211.38,10569.0
2019-04-17 10:30,{},28.03,603131,28.86,27.33,27.35,498.48,24924.0
2019-04-17 11:30,{},28.6,603131,28.63,28.03,28.03,132.86,6643.0
2019-04-17 14:00,{},28.53,603131,28.75,28.37,28.6,83.32,4166.0
2019-04-17 15:00,{},28.32,603131,28.61,28.06,28.53,133.08,6654.0
2019-04-18 10:30,{},27.48,603131,28.49,27.38,28.38,247.66,12383.0
2019-04-18 11:30,{},27.55,603131,27.9,27.38,27.48,94.22,4711.0
2019-04-18 14:00,{},27.23,603131,27.56,27.11,27.55,119.44,5972.0
2019-04-18 15:00,{},27.0,603131,27.46,27.0,27.23,159.82,7991.0
2019-04-19 10:30,{},26.25,603131,27.02,26.24,26.98,182.34,9117.0
2019-04-19 11:30,{},25.99,603131,26.25,25.9,26.25,147.94,7397.0
2019-04-19 14:00,{},26.5,603131,26.64,25.99,25.99,140.46,7023.0
2019-04-19 15:00,{},26.38,603131,26.58,26.33,26.5,128.3,6415.0
2019-04-22 10:30,{},25.9,603131,26.65,25.89,26.5,150.9,7545.0
2019-04-22 11:30,{},25.98,603131,26.16,25.88,25.9,47.06,2353.0
2019-04-22 14:00,{},25.94,603131,26.02,25.88,25.98,50.94,2547.0
2019-04-22 15:00,{},26.0,603131,26.01,25.94,25.94,65.96,3298.0
2019-04-23 10:30,{},26.39,603131,26.6,25.91,25.91,148.86,7443.0
2019-04-23 11:30,{},26.2,603131,26.43,26.05,26.39,51.12,2556.0
2019-04-23 14:00,{},26.0,603131,26.21,25.95,26.2,86.68,4334.0
2019-04-23 15:00,{},25.01,603131,26.1,24.9,26.0,158.4,7920.0
2019-04-24 10:30,{},25.38,603131,25.88,25.06,25.06,259.38,12969.0
2019-04-24 11:30,{},24.9,603131,25.49,24.81,25.38,84.76,4238.0
2019-04-24 14:00,{},25.3,603131,25.4,24.89,24.9,81.74,4087.0
2019-04-24 15:00,{},25.32,603131,25.38,24.95,25.3,118.08,5904.0
2019-04-25 10:30,{},25.03,603131,25.3,24.9,25.3,77.12,3856.0
2019-04-25 11:30,{},24.52,603131,25.03,24.52,25.03,107.7,5385.0
2019-04-25 14:00,{},23.57,603131,24.52,23.48,24.52,205.2,10260.0
2019-04-25 15:00,{},22.88,603131,23.59,22.86,23.57,269.76,13488.0
2019-04-26 10:30,{},23.4,603131,23.7,22.9,22.9,156.1,7805.0
2019-04-26 11:30,{},23.2,603131,23.45,23.1,23.4,44.76,2238.0
2019-04-26 14:00,{},23.22,603131,23.43,23.03,23.2,55.56,2778.0
2019-04-26 15:00,{},23.04,603131,23.25,23.0,23.22,79.44,3972.0
2019-04-29 10:30,{},23.2,603131,24.18,23.1,23.25,190.66,9533.0
2019-04-29 11:30,{},23.06,603131,23.36,22.7,23.2,113.44,5672.0
2019-04-29 14:00,{},23.15,603131,23.24,23.0,23.06,39.48,1974.0
2019-04-29 15:00,{},22.2,603131,23.15,22.05,23.15,166.6,8330.0
2019-04-30 10:30,{},22.69,603131,22.95,22.12,22.16,168.18,8409.0
2019-04-30 11:30,{},22.88,603131,22.93,22.68,22.69,53.28,2664.0
2019-04-30 14:00,{},22.5,603131,22.89,22.39,22.88,54.62,2731.0
2019-04-30 15:00,{},22.74,603131,22.74,22.31,22.5,77.86,3893.0
2019-05-06 10:30,{},21.85,603131,22.67,21.08,21.08,178.56,8928.0
2019-05-06 11:30,{},21.55,603131,22.0,21.48,21.85,87.1,4355.0
2019-05-06 14:00,{},20.63,603131,21.66,20.55,21.55,153.78,7689.0
2019-05-06 15:00,{},20.47,603131,20.84,20.47,20.63,182.0,9100.0
2019-05-07 10:30,{},21.22,603131,21.31,20.56,21.2,216.68,10834.0
2019-05-07 11:30,{},20.99,603131,21.23,20.98,21.22,68.12,3406.0
2019-05-07 14:00,{},20.9,603131,21.07,20.59,20.99,121.24,6062.0
2019-05-07 15:00,{},21.34,603131,21.34,20.76,20.9,121.04,6052.0
2019-05-08 10:30,{},21.5,603131,21.5,20.8,20.95,122.78,6139.0
2019-05-08 11:30,{},21.51,603131,21.64,21.43,21.5,53.0,2650.0
2019-05-08 14:00,{},21.27,603131,21.57,21.25,21.51,52.14,2607.0
2019-05-08 15:00,{},21.35,603131,21.42,21.23,21.27,91.8,4590.0
2019-05-09 10:30,{},21.27,603131,21.6,21.09,21.47,107.8,5390.0
2019-05-09 11:30,{},21.08,603131,21.27,21.03,21.27,48.9,2445.0
2019-05-09 14:00,{},21.05,603131,21.23,20.91,21.08,48.52,2426.0
2019-05-09 15:00,{},20.81,603131,21.09,20.78,21.05,70.88,3544.0
2019-05-10 10:30,{},21.41,603131,21.47,20.87,20.87,122.86,6143.0
2019-05-10 11:30,{},21.27,603131,21.41,21.06,21.41,58.34,2917.0
2019-05-10 14:00,{},21.42,603131,21.43,20.38,21.27,132.76,6638.0
2019-05-10 15:00,{},21.61,603131,21.8,21.41,21.42,109.18,5459.0
2019-05-13 10:30,{},21.65,603131,21.9,21.4,21.9,194.06,9703.0
2019-05-13 11:30,{},21.38,603131,21.69,21.24,21.65,91.08,4554.0
2019-05-13 14:00,{},22.34,603131,22.66,21.37,21.38,215.34,10767.0
2019-05-13 15:00,{},22.18,603131,22.34,22.01,22.34,97.66,4883.0
2019-05-14 10:30,{},21.96,603131,22.08,21.65,22.0,189.68,9484.0
2019-05-14 11:30,{},22.7,603131,22.75,21.61,21.96,210.36,10518.0
2019-05-14 14:00,{},22.5,603131,22.89,22.27,22.7,168.78,8439.0
2019-05-14 15:00,{},22.35,603131,22.61,22.24,22.5,132.84,6642.0
2019-05-15 10:30,{},23.07,603131,24.59,22.7,23.7,820.86,41043.0
2019-05-15 11:30,{},23.39,603131,23.49,23.07,23.07,111.0,5550.0
2019-05-15 14:00,{},23.35,603131,23.41,23.11,23.39,81.16,4058.0
2019-05-15 15:00,{},23.3,603131,23.39,22.95,23.35,124.56,6228.0
2019-05-16 10:30,{},22.88,603131,23.21,22.5,23.11,445.96,22298.0
2019-05-16 11:30,{},22.95,603131,23.09,22.76,22.88,105.24,5262.0
2019-05-16 14:00,{},22.87,603131,23.03,22.7,22.95,68.16,3408.0
2019-05-16 15:00,{},22.8,603131,22.88,22.67,22.87,113.64,5682.0
2019-05-17 10:30,{},22.59,603131,22.98,22.58,22.89,165.98,8299.0
2019-05-17 11:30,{},22.19,603131,22.59,22.06,22.59,137.62,6881.0
2019-05-17 14:00,{},21.46,603131,22.19,21.23,22.19,141.26,7063.0
2019-05-17 15:00,{},22.35,603131,22.35,21.36,21.48,267.72,13386.0
2019-05-20 10:30,{},21.83,603131,22.39,21.39,22.38,158.48,7924.0
2019-05-20 11:30,{},22.0,603131,22.15,21.83,21.83,29.56,1478.0
2019-05-20 14:00,{},21.69,603131,22.1,21.63,22.0,37.72,1886.0
2019-05-20 15:00,{},21.9,603131,22.08,21.63,21.69,78.38,3919.0
2019-05-21 10:30,{},22.06,603131,22.3,21.8,22.08,87.96,4398.0
2019-05-21 11:30,{},22.25,603131,22.29,22.01,22.06,42.6,2130.0
2019-05-21 14:00,{},22.35,603131,22.35,22.06,22.25,74.2,3710.0
2019-05-21 15:00,{},22.22,603131,22.35,22.12,22.35,75.96,3798.0
2019-05-22 10:30,{},22.2,603131,22.38,22.08,22.21,73.5,3675.0
2019-05-22 11:30,{},22.12,603131,22.22,22.05,22.2,25.76,1288.0
2019-05-22 14:00,{},21.96,603131,22.21,21.92,22.12,56.28,2814.0
2019-05-22 15:00,{},21.72,603131,21.96,21.69,21.96,105.16,5258.0
2019-05-23 10:30,{},21.45,603131,21.8,21.33,21.63,59.62,2981.0
2019-05-23 11:30,{},21.46,603131,21.79,21.43,21.45,32.12,1606.0
2019-05-23 14:00,{},21.29,603131,21.57,21.28,21.46,47.56,2378.0
2019-05-23 15:00,{},21.44,603131,21.5,20.96,21.29,130.7,6535.0
2019-05-24 10:30,{},21.08,603131,21.65,21.06,21.6,85.6,4280.0
2019-05-24 11:30,{},21.01,603131,21.12,20.9,21.08,50.34,2517.0
2019-05-24 14:00,{},20.87,603131,21.01,20.55,21.01,35.24,1762.0
2019-05-24 15:00,{},21.59,603131,21.6,20.58,20.87,226.92,11346.0
2019-05-27 10:30,{},21.39,603131,21.58,21.03,21.46,47.58,2379.0
2019-05-27 11:30,{},21.4,603131,21.5,21.11,21.39,29.66,1483.0
2019-05-27 14:00,{},21.73,603131,21.83,21.4,21.4,99.0,4950.0
2019-05-27 15:00,{},21.59,603131,21.83,21.59,21.73,105.96,5298.0
2019-05-28 10:30,{},21.6,603131,21.7,21.55,21.62,105.36,5268.0
2019-05-28 11:30,{},21.5,603131,21.6,21.44,21.6,50.22,2511.0
2019-05-28 14:00,{},21.5,603131,21.58,21.47,21.5,42.4,2120.0
2019-05-28 15:00,{},21.4,603131,21.5,21.35,21.5,59.24,2962.0
2019-05-29 10:30,{},21.12,603131,21.45,21.06,21.45,66.68,3334.0
2019-05-29 11:30,{},21.23,603131,21.25,21.07,21.12,61.82,3091.0
2019-05-29 14:00,{},21.21,603131,21.34,21.21,21.23,25.94,1297.0
2019-05-29 15:00,{},21.15,603131,21.21,21.15,21.21,43.98,2199.0
2019-05-30 10:30,{},20.75,603131,21.15,20.73,21.15,50.6,2530.0
2019-05-30 11:30,{},20.94,603131,20.98,20.75,20.75,34.96,1748.0
2019-05-30 14:00,{},20.75,603131,20.94,20.67,20.94,31.96,1598.0
2019-05-30 15:00,{},20.68,603131,20.78,20.64,20.75,75.92,3796.0
2019-05-31 10:30,{},20.71,603131,20.9,20.66,20.71,53.76,2688.0
2019-05-31 11:30,{},20.7,603131,20.78,20.61,20.71,28.08,1404.0
2019-05-31 14:00,{},20.65,603131,20.78,20.65,20.7,18.58,929.0
2019-05-31 15:00,{},20.8,603131,20.91,20.64,20.65,61.0,3050.0
2019-06-03 10:30,{},20.54,603131,21.21,20.53,20.8,70.18,3509.0
2019-06-03 11:30,{},20.48,603131,20.55,20.37,20.54,52.0,2600.0
2019-06-03 14:00,{},20.5,603131,20.58,20.45,20.48,18.48,924.0
2019-06-03 15:00,{},20.36,603131,20.54,20.35,20.5,38.06,1903.0
2019-06-04 10:30,{},20.2,603131,20.68,20.16,20.68,43.32,2166.0
2019-06-04 11:30,{},19.87,603131,20.21,19.87,20.2,72.86,3643.0
2019-06-04 14:00,{},19.71,603131,19.87,19.7,19.87,53.94,2697.0
2019-06-04 15:00,{},19.77,603131,19.82,19.41,19.71,138.26,6913.0
2019-06-05 10:30,{},19.8,603131,20.57,19.78,20.57,77.6,3880.0
2019-06-05 11:30,{},19.78,603131,19.84,19.65,19.8,20.66,1033.0
2019-06-05 14:00,{},19.79,603131,19.86,19.78,19.78,23.26,1163.0
2019-06-05 15:00,{},19.83,603131,19.85,19.74,19.79,47.08,2354.0
2019-06-06 10:30,{},19.51,603131,19.98,19.51,19.95,38.04,1902.0
2019-06-06 11:30,{},19.48,603131,19.57,19.41,19.51,18.74,937.0
2019-06-06 14:00,{},19.32,603131,19.49,19.11,19.48,39.02,1951.0
2019-06-06 15:00,{},19.12,603131,19.32,19.06,19.32,46.88,2344.0
2019-06-10 10:30,{},19.26,603131,19.42,19.1,19.1,53.14,2657.0
2019-06-10 11:30,{},19.35,603131,19.36,19.21,19.26,23.96,1198.0
2019-06-10 14:00,{},19.27,603131,19.35,19.25,19.35,30.42,1521.0
2019-06-10 15:00,{},19.28,603131,19.33,19.2,19.27,27.22,1361.0
2019-06-11 10:30,{},19.57,603131,19.65,19.34,19.36,63.46,3173.0
2019-06-11 11:30,{},19.77,603131,19.77,19.57,19.57,31.58,1579.0
2019-06-11 14:00,{},20.0,603131,20.17,19.77,19.77,53.5,2675.0
2019-06-11 15:00,{},20.2,603131,20.21,19.9,20.0,75.88,3794.0
2019-06-12 10:30,{},20.47,603131,20.65,20.2,20.2,94.1,4705.0
2019-06-12 11:30,{},20.25,603131,20.51,20.22,20.47,61.46,3073.0
2019-06-12 14:00,{},20.2,603131,20.26,20.12,20.25,23.4,1170.0
2019-06-12 15:00,{},20.26,603131,20.34,20.17,20.2,48.22,2411.0
2019-06-13 10:30,{},14.42,603131,14.7,14.36,14.58,65.2143,4565.0
2019-06-13 11:30,{},14.39,603131,14.5,14.36,14.42,30.3714,2126.0
2019-06-13 14:00,{},14.42,603131,14.42,14.39,14.39,26.6,1862.0
2019-06-13 15:00,{},14.3,603131,14.42,14.3,14.42,46.3429,3244.0
2019-06-14 10:30,{},14.39,603131,14.55,14.2,14.25,73.4857,5144.0
2019-06-14 11:30,{},14.26,603131,14.41,14.22,14.39,30.5143,2136.0
2019-06-14 14:00,{},14.28,603131,14.31,14.21,14.26,20.1143,1408.0
2019-06-14 15:00,{},14.0,603131,14.29,13.98,14.28,58.6,4102.0
2019-06-17 10:30,{},14.0,603131,14.2,13.9,14.2,31.6143,2213.0
2019-06-17 11:30,{},13.95,603131,14.0,13.9,14.0,20.0286,1402.0
2019-06-17 14:00,{},14.04,603131,14.07,13.9,13.95,8.7429,612.0
2019-06-17 15:00,{},13.92,603131,14.06,13.83,14.04,32.4286,2270.0
2019-06-18 10:30,{},13.87,603131,14.0,13.7,13.81,41.2857,2890.0
2019-06-18 11:30,{},13.88,603131,13.92,13.81,13.87,21.1429,1480.0
2019-06-18 14:00,{},13.84,603131,13.94,13.84,13.88,19.3,1351.0
2019-06-18 15:00,{},13.81,603131,13.94,13.71,13.84,29.8714,2091.0
2019-06-19 10:30,{},14.08,603131,14.27,13.99,14.12,69.1429,4840.0
2019-06-19 11:30,{},14.07,603131,14.09,14.02,14.08,19.8429,1389.0
2019-06-19 14:00,{},13.92,603131,14.08,13.92,14.07,28.0143,1961.0
2019-06-19 15:00,{},13.9,603131,13.98,13.84,13.92,62.6143,4383.0
2019-06-20 10:30,{},13.93,603131,13.97,13.75,13.97,51.2143,3585.0
2019-06-20 11:30,{},14.17,603131,14.21,13.88,13.93,47.9286,3355.0
2019-06-20 14:00,{},14.16,603131,14.21,14.09,14.17,61.9714,4338.0
2019-06-20 15:00,{},14.31,603131,14.36,14.14,14.16,84.5714,5920.0
2019-06-21 10:30,{},14.51,603131,14.52,14.3,14.42,106.4429,7451.0
2019-06-21 11:30,{},14.54,603131,14.58,14.46,14.51,44.0,3080.0
2019-06-21 14:00,{},14.61,603131,14.7,14.5,14.54,69.8571,4890.0
2019-06-21 15:00,{},14.6,603131,14.64,14.5,14.61,63.2143,4425.0
2019-06-24 10:30,{},14.52,603131,14.74,14.41,14.59,70.7,4949.0
2019-06-24 11:30,{},14.51,603131,14.62,14.51,14.52,32.9286,2305.0
2019-06-24 14:00,{},14.55,603131,14.65,14.47,14.51,28.0,1960.0
2019-06-24 15:00,{},14.65,603131,14.7,14.48,14.55,58.3857,4087.0
2019-06-25 10:30,{},14.48,603131,14.7,14.47,14.67,45.7857,3205.0
2019-06-25 11:30,{},14.21,603131,14.5,14.2,14.48,68.8857,4822.0
2019-06-25 14:00,{},14.23,603131,14.31,14.07,14.21,52.7429,3692.0
2019-06-25 15:00,{},14.31,603131,14.36,14.19,14.23,57.5286,4027.0
2019-06-26 10:30,{},14.51,603131,14.58,14.2,14.27,57.0429,3993.0
2019-06-26 11:30,{},14.5,603131,14.56,14.46,14.51,19.8286,1388.0
2019-06-26 14:00,{},14.59,603131,14.64,14.48,14.5,34.9714,2448.0
2019-06-26 15:00,{},14.52,603131,14.64,14.52,14.59,64.5286,4517.0
2019-06-27 10:30,{},14.8,603131,14.98,14.61,14.68,123.8143,8667.0
2019-06-27 11:30,{},14.91,603131,14.92,14.79,14.8,30.7286,2151.0
2019-06-27 14:00,{},15.26,603131,15.44,14.91,14.91,154.0,10780.0
2019-06-27 15:00,{},15.65,603131,15.97,15.23,15.26,353.0714,24715.0
2019-06-28 10:30,{},15.06,603131,15.64,15.03,15.64,218.5429,15298.0
2019-06-28 11:30,{},15.0,603131,15.1,14.91,15.06,97.6286,6834.0
2019-06-28 14:00,{},14.96,603131,15.25,14.93,15.0,75.9286,5315.0
2019-06-28 15:00,{},14.92,603131,15.07,14.91,14.96,96.2429,6737.0
2019-07-01 10:30,{},15.35,603131,15.41,15.08,15.29,134.6571,9426.0
2019-07-01 11:30,{},15.38,603131,15.42,15.3,15.35,49.5714,3470.0
2019-07-01 14:00,{},15.19,603131,15.39,15.18,15.38,69.4,4858.0
2019-07-01 15:00,{},15.33,603131,15.44,15.18,15.19,109.7571,7683.0
2019-07-02 10:30,{},15.39,603131,15.44,15.22,15.33,80.9286,5665.0
2019-07-02 11:30,{},15.47,603131,15.55,15.28,15.39,48.6286,3404.0
2019-07-02 14:00,{},15.46,603131,15.58,15.38,15.47,81.9429,5736.0
2019-07-02 15:00,{},15.78,603131,16.0,15.46,15.46,198.7286,13911.0
2019-07-03 10:30,{},15.63,603131,15.95,15.5,15.8,152.9286,10705.0
2019-07-03 11:30,{},15.56,603131,15.64,15.56,15.62,28.5429,1998.0
2019-07-03 14:00,{},15.54,603131,15.65,15.51,15.56,31.8714,2231.0
2019-07-03 15:00,{},15.42,603131,15.57,15.36,15.54,69.7,4879.0
2019-07-04 10:30,{},15.4,603131,15.8,15.3,15.4,96.0286,6722.0
2019-07-04 11:30,{},15.2,603131,15.5,15.12,15.4,91.7857,6425.0
2019-07-04 14:00,{},15.25,603131,15.3,15.15,15.2,27.5571,1929.0
2019-07-04 15:00,{},15.16,603131,15.29,15.02,15.25,141.3429,9894.0
2019-07-05 10:30,{},15.16,603131,15.3,14.96,15.2,56.1857,3933.0
2019-07-05 11:30,{},15.07,603131,15.18,15.03,15.16,20.8714,1461.0
2019-07-05 14:00,{},16.68,603131,16.68,15.07,15.07,956.7714,66974.0
2019-07-05 15:00,{},16.68,603131,16.68,16.68,16.68,43.8714,3071.0
