date,amount,close,code,high,low,open,turnoverratio,volume
2018-01-29 14:30,,21.92,2048,22.01,21.91,21.91,,3657.0
2018-01-29 15:00,,21.96,2048,22.01,21.8,21.92,,6005.0
2018-01-30 10:00,,21.94,2048,22.07,21.83,21.89,,2982.0
2018-01-30 10:30,,22.19,2048,22.27,21.94,21.94,,5093.0
2018-01-30 11:00,,22.15,2048,22.24,22.13,22.19,,3562.0
2018-01-30 11:30,,22.09,2048,22.22,22.07,22.15,,3229.0
2018-01-30 13:30,,22.1,2048,22.19,22.06,22.09,,4169.0
2018-01-30 14:00,,21.99,2048,22.14,21.96,22.08,,3727.0
2018-01-30 14:30,,22.0,2048,22.09,21.93,22.0,,3777.0
2018-01-30 15:00,,21.84,2048,22.03,21.83,22.0,,5335.0
2018-01-31 10:00,,21.68,2048,21.92,21.6,21.9,,6695.0
2018-01-31 10:30,,21.67,2048,21.73,21.46,21.66,,8112.0
2018-01-31 11:00,,22.02,2048,22.06,21.58,21.66,,4338.0
2018-01-31 11:30,,22.14,2048,22.25,22.03,22.03,,7728.0
2018-01-31 13:30,,22.2,2048,22.28,22.07,22.14,,8005.0
2018-01-31 14:00,,22.23,2048,22.25,22.17,22.2,,5564.0
2018-01-31 14:30,,22.09,2048,22.25,21.9,22.23,,10087.0
2018-01-31 15:00,,22.28,2048,22.29,22.09,22.09,,6951.0
2018-02-01 10:00,,22.11,2048,22.24,22.04,22.18,,7947.0
2018-02-01 10:30,,21.97,2048,22.2,21.92,22.11,,6361.0
2018-02-01 11:00,,21.68,2048,21.99,21.65,21.97,,6367.0
2018-02-01 11:30,,21.48,2048,21.73,21.42,21.68,,6651.0
2018-02-01 13:30,,21.31,2048,21.48,21.1,21.48,,13507.0
2018-02-01 14:00,,21.35,2048,21.49,21.26,21.31,,8818.0
2018-02-01 14:30,,21.52,2048,21.55,21.3,21.35,,5367.0
2018-02-01 15:00,,21.32,2048,21.55,21.32,21.52,,7491.0
2018-02-02 10:00,,21.52,2048,21.56,21.18,21.25,,8262.0
2018-02-02 10:30,,21.65,2048,21.65,21.42,21.52,,5372.0
2018-02-02 11:00,,21.72,2048,21.75,21.61,21.66,,4405.0
2018-02-02 11:30,,21.66,2048,21.72,21.6,21.72,,1454.0
2018-02-02 13:30,,21.77,2048,21.79,21.65,21.66,,6500.0
2018-02-02 14:00,,21.79,2048,21.85,21.75,21.77,,6106.0
2018-02-02 14:30,,21.98,2048,22.0,21.7,21.79,,6890.0
2018-02-02 15:00,,21.68,2048,21.99,21.62,21.98,,9104.0
2018-02-05 10:00,,21.35,2048,21.59,21.22,21.56,,9016.0
2018-02-05 10:30,,21.26,2048,21.49,21.21,21.35,,8957.0
2018-02-05 11:00,,21.16,2048,21.26,21.13,21.26,,6346.0
2018-02-05 11:30,,21.14,2048,21.21,21.12,21.16,,4420.0
2018-02-05 13:30,,21.09,2048,21.24,21.08,21.14,,6057.0
2018-02-05 14:00,,21.18,2048,21.2,21.08,21.09,,7853.0
2018-02-05 14:30,,21.3,2048,21.34,21.03,21.18,,10466.0
2018-02-05 15:00,,21.15,2048,21.48,21.05,21.3,,13278.0
2018-02-06 10:00,,20.36,2048,20.92,20.31,20.92,,17594.0
2018-02-06 10:30,,20.38,2048,20.48,20.31,20.36,,8237.0
2018-02-06 11:00,,20.19,2048,20.42,20.08,20.37,,11159.0
2018-02-06 11:30,,20.25,2048,20.28,20.14,20.19,,3126.0
2018-02-06 13:30,,19.99,2048,20.27,19.99,20.25,,8215.0
2018-02-06 14:00,,20.23,2048,20.3,19.98,20.0,,7989.0
2018-02-06 14:30,,20.19,2048,20.32,20.18,20.23,,7147.0
2018-02-06 15:00,,20.4,2048,20.4,20.09,20.19,,8559.0
2018-02-07 10:00,,20.32,2048,20.7,20.0,20.55,,10266.0
2018-02-07 10:30,,20.47,2048,20.47,20.29,20.32,,7874.0
2018-02-07 11:00,,20.27,2048,20.5,20.14,20.47,,5657.0
2018-02-07 11:30,,20.45,2048,20.45,20.0,20.27,,4742.0
2018-02-07 13:30,,20.33,2048,20.48,20.33,20.45,,2564.0
2018-02-07 14:00,,20.35,2048,20.44,20.32,20.33,,3846.0
2018-02-07 14:30,,20.4,2048,20.41,20.32,20.35,,5335.0
2018-02-07 15:00,,20.41,2048,20.58,20.36,20.4,,6287.0
2018-02-08 10:00,,20.71,2048,20.74,20.4,20.4,,4584.0
2018-02-08 10:30,,20.68,2048,20.77,20.68,20.71,,2929.0
2018-02-08 11:00,,20.63,2048,20.72,20.61,20.68,,2078.0
2018-02-08 11:30,,20.51,2048,20.67,20.5,20.63,,1533.0
2018-02-08 13:30,,20.45,2048,20.51,20.4,20.51,,2389.0
2018-02-08 14:00,,20.72,2048,20.73,20.43,20.45,,3776.0
2018-02-08 14:30,,20.66,2048,20.74,20.46,20.74,,3793.0
2018-02-08 15:00,,20.66,2048,20.76,20.57,20.65,,3691.0
2018-02-09 10:00,,20.37,2048,20.44,20.0,20.28,,5878.0
2018-02-09 10:30,,20.25,2048,20.38,20.15,20.37,,4932.0
2018-02-09 11:00,,19.72,2048,20.25,19.66,20.25,,7327.0
2018-02-09 11:30,,19.97,2048,19.97,19.71,19.72,,5062.0
2018-02-09 13:30,,20.11,2048,20.13,19.82,19.97,,4697.0
2018-02-09 14:00,,20.15,2048,20.18,19.99,20.11,,4626.0
2018-02-09 14:30,,19.99,2048,20.15,19.9,20.15,,6710.0
2018-02-09 15:00,,20.21,2048,20.24,19.88,19.99,,6181.0
2018-02-12 10:00,,20.25,2048,20.3,20.05,20.22,,7437.0
2018-02-12 10:30,,20.15,2048,20.25,20.15,20.21,,2885.0
2018-02-12 11:00,,20.19,2048,20.26,20.07,20.15,,3076.0
2018-02-12 11:30,,20.39,2048,20.4,20.18,20.19,,4874.0
2018-02-12 13:30,,20.52,2048,20.53,20.32,20.39,,5876.0
2018-02-12 14:00,,20.56,2048,20.64,20.51,20.52,,4036.0
2018-02-12 14:30,,20.53,2048,20.59,20.46,20.56,,2293.0
2018-02-12 15:00,,20.36,2048,20.53,20.31,20.53,,4512.0
2018-02-13 10:00,,20.66,2048,20.67,20.38,20.45,,7665.0
2018-02-13 10:30,,20.74,2048,20.78,20.63,20.65,,7330.0
2018-02-13 11:00,,20.84,2048,20.9,20.7,20.74,,5326.0
2018-02-13 11:30,,20.87,2048,20.89,20.77,20.84,,1968.0
2018-02-13 13:30,,20.74,2048,20.98,20.74,20.87,,4938.0
2018-02-13 14:00,,20.68,2048,20.75,20.55,20.74,,3409.0
2018-02-13 14:30,,20.61,2048,20.78,20.53,20.68,,4104.0
2018-02-13 15:00,,20.54,2048,20.65,20.51,20.61,,5886.0
2018-02-14 10:00,,20.58,2048,20.78,20.49,20.65,,3730.0
2018-02-14 10:30,,20.56,2048,20.59,20.45,20.55,,1591.0
2018-02-14 11:00,,20.6,2048,20.62,20.5,20.56,,2337.0
2018-02-14 11:30,,20.51,2048,20.6,20.43,20.6,,1624.0
2018-02-14 13:30,,20.57,2048,20.57,20.42,20.51,,2064.0
2018-02-14 14:00,,20.52,2048,20.59,20.45,20.57,,3002.0
2018-02-14 14:30,,20.62,2048,20.68,20.48,20.52,,4205.0
2018-02-14 15:00,,20.56,2048,20.66,20.52,20.62,,3010.0
2018-02-22 10:00,,20.63,2048,20.85,20.5,20.72,,5361.0
2018-02-22 10:30,,20.95,2048,21.06,20.63,20.63,,5939.0
2018-02-22 11:00,,20.92,2048,20.97,20.82,20.95,,4060.0
2018-02-22 11:30,,20.98,2048,21.06,20.85,20.92,,5278.0
2018-02-22 13:30,,20.83,2048,20.99,20.83,20.98,,3596.0
2018-02-22 14:00,,20.78,2048,20.89,20.75,20.83,,3280.0
2018-02-22 14:30,,20.67,2048,20.78,20.66,20.78,,5833.0
2018-02-22 15:00,,20.74,2048,20.75,20.64,20.67,,4663.0
2018-02-23 10:00,,20.98,2048,21.12,20.75,20.79,,8483.0
2018-02-23 10:30,,20.96,2048,21.04,20.92,20.98,,4375.0
2018-02-23 11:00,,20.84,2048,20.98,20.84,20.96,,4801.0
2018-02-23 11:30,,20.83,2048,20.88,20.73,20.84,,3988.0
2018-02-23 13:30,,20.81,2048,20.89,20.77,20.83,,1701.0
2018-02-23 14:00,,20.8,2048,20.84,20.77,20.81,,2281.0
2018-02-23 14:30,,20.8,2048,20.84,20.76,20.79,,2030.0
2018-02-23 15:00,,20.84,2048,20.91,20.78,20.81,,4615.0
2018-02-26 10:00,,21.03,2048,21.06,20.75,20.9,,10316.0
2018-02-26 10:30,,21.1,2048,21.1,20.94,21.03,,6236.0
2018-02-26 11:00,,21.26,2048,21.33,21.04,21.1,,7551.0
2018-02-26 11:30,,21.33,2048,21.33,21.25,21.26,,3247.0
2018-02-26 13:30,,21.43,2048,21.48,21.31,21.33,,5815.0
2018-02-26 14:00,,21.4,2048,21.47,21.34,21.42,,3739.0
2018-02-26 14:30,,21.42,2048,21.45,21.39,21.4,,2478.0
2018-02-26 15:00,,21.48,2048,21.48,21.37,21.43,,8812.0
2018-02-27 10:00,,21.85,2048,21.87,21.3,21.47,,16556.0
2018-02-27 10:30,,21.72,2048,21.96,21.64,21.84,,18361.0
2018-02-27 11:00,,21.84,2048,21.93,21.67,21.72,,7730.0
2018-02-27 11:30,,21.79,2048,21.83,21.63,21.83,,6316.0
2018-02-27 13:30,,21.58,2048,21.79,21.57,21.79,,3352.0
2018-02-27 14:00,,21.4,2048,21.65,21.36,21.58,,7735.0
2018-02-27 14:30,,21.51,2048,21.55,21.29,21.4,,7671.0
2018-02-27 15:00,,21.48,2048,21.55,21.46,21.54,,2891.0
2018-02-28 10:00,,20.08,2048,20.22,19.68,20.22,,49997.0
2018-02-28 10:30,,20.0,2048,20.09,19.91,20.08,,19352.0
2018-02-28 11:00,,20.27,2048,20.36,19.99,20.0,,13616.0
2018-02-28 11:30,,20.2,2048,20.36,20.15,20.27,,8481.0
2018-02-28 13:30,,20.17,2048,20.24,20.15,20.2,,4383.0
2018-02-28 14:00,,20.23,2048,20.23,20.16,20.17,,6472.0
2018-02-28 14:30,,20.32,2048,20.44,20.23,20.23,,11564.0
2018-02-28 15:00,,20.35,2048,20.45,20.25,20.33,,13387.0
2018-03-01 10:00,,20.3,2048,20.37,20.03,20.2,,13672.0
2018-03-01 10:30,,20.28,2048,20.33,20.25,20.3,,8675.0
2018-03-01 11:00,,20.29,2048,20.37,20.22,20.29,,9864.0
2018-03-01 11:30,,20.42,2048,20.45,20.28,20.29,,8936.0
2018-03-01 13:30,,20.29,2048,20.43,20.28,20.42,,7000.0
2018-03-01 14:00,,20.26,2048,20.32,20.24,20.29,,4976.0
2018-03-01 14:30,,20.21,2048,20.26,20.12,20.26,,7075.0
2018-03-01 15:00,,20.28,2048,20.39,20.2,20.22,,9525.0
2018-03-02 10:00,,20.29,2048,20.55,20.08,20.15,,18319.0
2018-03-02 10:30,,20.35,2048,20.39,20.29,20.29,,5714.0
2018-03-02 11:00,,20.17,2048,20.35,20.16,20.35,,7229.0
2018-03-02 11:30,,20.05,2048,20.23,20.03,20.17,,9465.0
2018-03-02 13:30,,20.09,2048,20.13,20.05,20.05,,4443.0
2018-03-02 14:00,,20.02,2048,20.1,19.96,20.09,,6509.0
2018-03-02 14:30,,20.06,2048,20.08,19.97,20.0,,4656.0
2018-03-02 15:00,,20.02,2048,20.07,20.0,20.06,,3376.0
2018-03-05 10:00,,19.99,2048,20.11,19.91,20.1,,5549.0
2018-03-05 10:30,,19.89,2048,19.99,19.85,19.97,,5445.0
2018-03-05 11:00,,19.69,2048,19.9,19.69,19.9,,8784.0
2018-03-05 11:30,,19.8,2048,19.82,19.59,19.69,,7308.0
2018-03-05 13:30,,19.77,2048,19.86,19.75,19.8,,2471.0
2018-03-05 14:00,,19.71,2048,19.84,19.7,19.77,,3713.0
2018-03-05 14:30,,19.68,2048,19.74,19.62,19.71,,6807.0
2018-03-05 15:00,,19.78,2048,19.84,19.6,19.68,,12378.0
2018-03-06 10:00,,19.7,2048,19.85,19.69,19.8,,9478.0
2018-03-06 10:30,,19.51,2048,19.72,19.5,19.7,,12956.0
2018-03-06 11:00,,19.57,2048,19.58,19.49,19.52,,9231.0
2018-03-06 11:30,,19.46,2048,19.58,19.45,19.57,,13806.0
2018-03-06 13:30,,19.63,2048,19.63,19.46,19.46,,13015.0
2018-03-06 14:00,,19.6,2048,19.72,19.55,19.63,,9201.0
2018-03-06 14:30,,19.71,2048,19.8,19.6,19.6,,7156.0
2018-03-06 15:00,,19.81,2048,19.81,19.69,19.71,,9667.0
2018-03-07 10:00,,20.06,2048,20.07,19.83,19.83,,23942.0
2018-03-07 10:30,,20.17,2048,20.35,20.05,20.06,,15195.0
2018-03-07 11:00,,20.23,2048,20.27,20.16,20.17,,6528.0
2018-03-07 11:30,,20.23,2048,20.25,20.18,20.24,,3602.0
2018-03-07 13:30,,20.16,2048,20.25,20.12,20.23,,4720.0
2018-03-07 14:00,,20.16,2048,20.19,20.11,20.16,,6368.0
2018-03-07 14:30,,20.21,2048,20.27,20.15,20.17,,8458.0
2018-03-07 15:00,,20.15,2048,20.24,20.15,20.19,,12709.0
2018-03-08 10:00,,20.18,2048,20.35,20.16,20.2,,11096.0
2018-03-08 10:30,,20.18,2048,20.24,20.15,20.18,,4531.0
2018-03-08 11:00,,20.09,2048,20.19,20.09,20.18,,4891.0
2018-03-08 11:30,,20.19,2048,20.21,20.08,20.09,,5213.0
2018-03-08 13:30,,20.16,2048,20.2,20.13,20.19,,2927.0
2018-03-08 14:00,,20.2,2048,20.22,20.15,20.16,,8044.0
2018-03-08 14:30,,20.2,2048,20.21,20.16,20.2,,4554.0
2018-03-08 15:00,,20.22,2048,20.22,20.17,20.2,,7566.0
2018-03-09 10:00,,20.13,2048,20.28,20.08,20.28,,9962.0
2018-03-09 10:30,,20.09,2048,20.15,20.05,20.13,,7983.0
2018-03-09 11:00,,20.09,2048,20.12,20.02,20.09,,6751.0
2018-03-09 11:30,,20.13,2048,20.15,20.03,20.09,,6420.0
2018-03-09 13:30,,20.19,2048,20.23,20.13,20.13,,7386.0
2018-03-09 14:00,,20.26,2048,20.26,20.14,20.19,,9733.0
2018-03-09 14:30,,20.34,2048,20.41,20.21,20.26,,12372.0
2018-03-09 15:00,,20.55,2048,20.57,20.33,20.33,,22276.0
2018-03-12 10:00,,20.76,2048,20.85,20.5,20.68,,23437.0
2018-03-12 10:30,,20.56,2048,20.81,20.54,20.76,,16816.0
2018-03-12 11:00,,20.47,2048,20.57,20.38,20.56,,23315.0
2018-03-12 11:30,,20.5,2048,20.59,20.45,20.48,,4797.0
2018-03-12 13:30,,20.53,2048,20.59,20.49,20.5,,8253.0
2018-03-12 14:00,,20.52,2048,20.55,20.49,20.53,,6942.0
2018-03-12 14:30,,20.51,2048,20.6,20.5,20.52,,6861.0
2018-03-12 15:00,,20.59,2048,20.6,20.5,20.52,,8905.0
2018-03-13 10:00,,20.52,2048,20.59,20.4,20.59,,13332.0
2018-03-13 10:30,,20.46,2048,20.51,20.43,20.5,,4193.0
2018-03-13 11:00,,20.36,2048,20.46,20.33,20.46,,9192.0
2018-03-13 11:30,,20.4,2048,20.41,20.33,20.35,,3069.0
2018-03-13 13:30,,20.43,2048,20.46,20.36,20.4,,4145.0
2018-03-13 14:00,,20.4,2048,20.5,20.39,20.43,,8041.0
2018-03-13 14:30,,20.42,2048,20.51,20.4,20.4,,12378.0
2018-03-13 15:00,,20.37,2048,20.46,20.36,20.42,,7765.0
2018-03-14 10:00,,20.14,2048,20.32,20.13,20.3,,9325.0
2018-03-14 10:30,,20.17,2048,20.22,20.14,20.14,,4374.0
2018-03-14 11:00,,20.14,2048,20.17,20.12,20.17,,3616.0
2018-03-14 11:30,,20.1,2048,20.16,20.06,20.14,,4852.0
2018-03-14 13:30,,20.08,2048,20.1,20.04,20.1,,4244.0
2018-03-14 14:00,,20.16,2048,20.19,20.08,20.08,,4986.0
2018-03-14 14:30,,20.18,2048,20.22,20.12,20.16,,2383.0
2018-03-14 15:00,,20.08,2048,20.18,20.07,20.18,,5471.0
2018-03-15 10:00,,20.01,2048,20.17,19.96,20.0,,7347.0
2018-03-15 10:30,,20.05,2048,20.11,20.0,20.01,,4853.0
2018-03-15 11:00,,20.08,2048,20.08,19.96,20.05,,4660.0
2018-03-15 11:30,,20.01,2048,20.08,19.98,20.08,,2423.0
2018-03-15 13:30,,19.92,2048,20.05,19.92,20.01,,2960.0
2018-03-15 14:00,,19.95,2048,19.99,19.9,19.92,,4580.0
2018-03-15 14:30,,20.04,2048,20.05,19.9,19.95,,3054.0
2018-03-15 15:00,,20.17,2048,20.2,20.04,20.04,,7066.0
2018-03-16 10:00,,20.04,2048,20.22,20.03,20.17,,7150.0
2018-03-16 10:30,,20.15,2048,20.17,20.04,20.04,,2504.0
2018-03-16 11:00,,20.08,2048,20.17,20.06,20.15,,2630.0
2018-03-16 11:30,,20.05,2048,20.13,20.05,20.08,,1277.0
2018-03-16 13:30,,20.09,2048,20.14,20.05,20.05,,1281.0
2018-03-16 14:00,,20.17,2048,20.2,20.07,20.09,,3974.0
2018-03-16 14:30,,20.08,2048,20.17,20.07,20.17,,3114.0
2018-03-16 15:00,,20.02,2048,20.1,20.02,20.08,,3981.0
2018-03-19 10:00,,20.04,2048,20.04,19.9,20.04,,4853.0
2018-03-19 10:30,,20.05,2048,20.09,20.0,20.04,,1870.0
2018-03-19 11:00,,20.1,2048,20.13,20.05,20.05,,2524.0
2018-03-19 11:30,,20.13,2048,20.13,20.06,20.1,,2126.0
2018-03-19 13:30,,20.09,2048,20.13,20.06,20.13,,3076.0
2018-03-19 14:00,,20.09,2048,20.15,20.07,20.1,,4083.0
2018-03-19 14:30,,20.13,2048,20.17,20.08,20.1,,3477.0
2018-03-19 15:00,,20.06,2048,20.15,20.01,20.13,,4845.0
2018-03-20 10:00,,19.88,2048,20.03,19.85,19.94,,6935.0
2018-03-20 10:30,,19.7,2048,19.93,19.56,19.88,,11745.0
2018-03-20 11:00,,19.65,2048,19.73,19.57,19.7,,4870.0
2018-03-20 11:30,,19.65,2048,19.71,19.62,19.65,,1773.0
2018-03-20 13:30,,19.75,2048,19.75,19.64,19.65,,3647.0
2018-03-20 14:00,,19.75,2048,19.79,19.67,19.75,,3998.0
2018-03-20 14:30,,19.67,2048,19.77,19.64,19.75,,8418.0
2018-03-20 15:00,,19.58,2048,19.67,19.52,19.67,,15908.0
2018-03-21 10:00,,19.84,2048,19.87,19.54,19.54,,12041.0
2018-03-21 10:30,,19.64,2048,19.86,19.62,19.84,,9728.0
2018-03-21 11:00,,19.68,2048,19.71,19.61,19.69,,7881.0
2018-03-21 11:30,,19.64,2048,19.7,19.62,19.68,,3777.0
2018-03-21 13:30,,19.71,2048,19.75,19.64,19.64,,3759.0
2018-03-21 14:00,,19.64,2048,19.77,19.58,19.71,,8647.0
2018-03-21 14:30,,19.51,2048,19.65,19.5,19.64,,10372.0
2018-03-21 15:00,,19.2,2048,19.51,19.2,19.51,,13469.0
2018-03-22 10:00,,19.25,2048,19.34,19.16,19.21,,10728.0
2018-03-22 10:30,,19.21,2048,19.29,19.2,19.25,,6111.0
2018-03-22 11:00,,19.12,2048,19.22,19.01,19.21,,13729.0
2018-03-22 11:30,,19.12,2048,19.12,19.06,19.12,,3226.0
2018-03-22 13:30,,19.19,2048,19.23,19.11,19.12,,4313.0
2018-03-22 14:00,,19.18,2048,19.19,19.15,19.19,,3480.0
2018-03-22 14:30,,19.09,2048,19.2,19.07,19.18,,5119.0
2018-03-22 15:00,,18.89,2048,19.11,18.75,19.09,,20046.0
2018-03-23 10:00,,17.94,2048,18.15,17.84,18.15,,43186.0
2018-03-23 10:30,,17.68,2048,18.01,17.56,17.96,,29567.0
2018-03-23 11:00,,17.05,2048,17.68,17.01,17.68,,41642.0
2018-03-23 11:30,,17.12,2048,17.17,17.03,17.1,,13396.0
2018-03-23 13:30,,17.0,2048,17.14,17.0,17.12,,24919.0
2018-03-23 14:00,,17.0,2048,17.03,17.0,17.0,,9123.0
2018-03-23 14:30,,17.0,2048,17.0,17.0,17.0,,3121.0
2018-03-23 15:00,,17.07,2048,17.07,17.0,17.0,,13820.0
2018-03-26 10:00,,15.88,2048,16.72,15.53,16.72,,68896.0
2018-03-26 10:30,,15.99,2048,16.04,15.84,15.88,,29222.0
2018-03-26 11:00,,15.88,2048,16.05,15.86,15.99,,23333.0
2018-03-26 11:30,,15.75,2048,15.92,15.7,15.88,,20996.0
2018-03-26 13:30,,15.82,2048,15.89,15.73,15.75,,15691.0
2018-03-26 14:00,,15.6,2048,15.84,15.54,15.82,,20249.0
2018-03-26 14:30,,16.0,2048,16.06,15.6,15.6,,37085.0
2018-03-26 15:00,,15.99,2048,16.05,15.67,16.01,,49141.0
2018-03-27 10:00,,16.11,2048,16.31,16.11,16.26,,52769.0
2018-03-27 10:30,,16.16,2048,16.23,16.1,16.11,,25710.0
2018-03-27 11:00,,16.15,2048,16.19,16.12,16.17,,17219.0
2018-03-27 11:30,,16.26,2048,16.3,16.15,16.15,,19211.0
2018-03-27 13:30,,16.45,2048,16.57,16.26,16.26,,29553.0
2018-03-27 14:00,,16.42,2048,16.47,16.34,16.45,,13904.0
2018-03-27 14:30,,16.33,2048,16.47,16.3,16.38,,18169.0
2018-03-27 15:00,,16.75,2048,16.87,16.24,16.33,,43468.0
2018-03-28 10:00,,16.29,2048,16.38,16.08,16.35,,49194.0
2018-03-28 10:30,,16.31,2048,16.45,16.27,16.29,,18107.0
2018-03-28 11:00,,16.23,2048,16.36,16.21,16.31,,12797.0
2018-03-28 11:30,,16.13,2048,16.24,16.11,16.23,,18479.0
2018-03-28 13:30,,16.08,2048,16.18,16.06,16.13,,12855.0
2018-03-28 14:00,,15.9,2048,16.1,15.88,16.07,,32106.0
2018-03-28 14:30,,16.07,2048,16.16,15.89,15.9,,11938.0
2018-03-28 15:00,,16.04,2048,16.13,15.96,16.07,,15639.0
2018-03-29 10:00,,16.16,2048,16.3,16.04,16.04,,24349.0
2018-03-29 10:30,,16.06,2048,16.25,16.05,16.16,,15864.0
2018-03-29 11:00,,16.2,2048,16.22,16.06,16.06,,10295.0
2018-03-29 11:30,,16.16,2048,16.22,16.12,16.2,,8660.0
2018-03-29 13:30,,16.19,2048,16.23,16.14,16.16,,7335.0
2018-03-29 14:00,,16.18,2048,16.25,16.16,16.19,,10449.0
2018-03-29 14:30,,16.26,2048,16.28,16.14,16.18,,12841.0
2018-03-29 15:00,,16.3,2048,16.35,16.24,16.26,,19688.0
2018-03-30 10:00,,16.38,2048,16.55,16.33,16.33,,28446.0
2018-03-30 10:30,,16.4,2048,16.47,16.36,16.38,,11286.0
2018-03-30 11:00,,16.38,2048,16.47,16.37,16.39,,11115.0
2018-03-30 11:30,,16.32,2048,16.4,16.23,16.4,,20641.0
2018-03-30 13:30,,16.38,2048,16.39,16.29,16.32,,8620.0
2018-03-30 14:00,,16.29,2048,16.41,16.28,16.39,,15301.0
2018-03-30 14:30,,16.36,2048,16.37,16.27,16.29,,10161.0
2018-03-30 15:00,,16.37,2048,16.38,16.3,16.36,,17284.0
2018-04-02 10:00,,16.24,2048,16.36,16.19,16.36,,27425.0
2018-04-02 10:30,,16.28,2048,16.34,16.21,16.23,,15317.0
2018-04-02 11:00,,16.34,2048,16.37,16.27,16.28,,10243.0
2018-04-02 11:30,,16.28,2048,16.35,16.25,16.34,,8218.0
2018-04-02 13:30,,16.21,2048,16.31,16.19,16.28,,21601.0
2018-04-02 14:00,,16.16,2048,16.24,16.09,16.21,,26134.0
2018-04-02 14:30,,16.17,2048,16.21,16.09,16.16,,12308.0
2018-04-02 15:00,,16.18,2048,16.19,16.06,16.15,,22292.0
2018-04-03 10:00,,15.9,2048,15.98,15.82,15.88,,25387.0
2018-04-03 10:30,,15.95,2048,16.02,15.88,15.9,,10533.0
2018-04-03 11:00,,15.9,2048,15.95,15.87,15.95,,8090.0
2018-04-03 11:30,,15.8,2048,15.94,15.8,15.9,,14585.0
2018-04-03 13:30,,15.68,2048,15.8,15.68,15.8,,18829.0
2018-04-03 14:00,,15.6,2048,15.7,15.56,15.69,,19016.0
2018-04-03 14:30,,15.81,2048,15.85,15.56,15.6,,11618.0
2018-04-03 15:00,,15.82,2048,15.86,15.76,15.81,,10418.0
2018-04-04 10:00,,16.04,2048,16.26,16.03,16.11,,37524.0
2018-04-04 10:30,,16.11,2048,16.13,16.04,16.04,,12843.0
2018-04-04 11:00,,16.19,2048,16.24,16.09,16.11,,16622.0
2018-04-04 11:30,,16.36,2048,16.37,16.19,16.19,,26729.0
2018-04-04 13:30,,16.28,2048,16.42,16.26,16.35,,17598.0
2018-04-04 14:00,,16.16,2048,16.28,16.15,16.28,,14369.0
2018-04-04 14:30,,16.08,2048,16.18,15.98,16.16,,19162.0
2018-04-04 15:00,,16.02,2048,16.09,15.87,16.08,,16304.0
2018-04-09 10:00,,16.01,2048,16.19,15.81,15.9,,21276.0
2018-04-09 10:30,,15.87,2048,16.02,15.86,16.0,,8349.0
2018-04-09 11:00,,15.93,2048,15.96,15.85,15.87,,8976.0
2018-04-09 11:30,,16.06,2048,16.13,15.93,15.93,,8873.0
2018-04-09 13:30,,16.05,2048,16.12,16.04,16.06,,6623.0
2018-04-09 14:00,,15.93,2048,16.06,15.93,16.05,,8377.0
2018-04-09 14:30,,15.92,2048,16.01,15.92,15.93,,8119.0
2018-04-09 15:00,,15.95,2048,15.98,15.86,15.92,,16015.0
2018-04-10 10:00,,15.85,2048,16.03,15.73,15.94,,19419.0
2018-04-10 10:30,,15.96,2048,15.97,15.74,15.85,,13443.0
2018-04-10 11:00,,16.06,2048,16.12,15.96,15.96,,12871.0
2018-04-10 11:30,,15.98,2048,16.07,15.93,16.06,,5732.0
2018-04-10 13:30,,15.89,2048,15.98,15.87,15.98,,5649.0
2018-04-10 14:00,,15.93,2048,15.94,15.88,15.89,,5435.0
2018-04-10 14:30,,16.04,2048,16.05,15.93,15.93,,9922.0
2018-04-10 15:00,,16.14,2048,16.15,16.03,16.04,,17286.0
2018-04-11 10:00,,16.12,2048,16.34,16.09,16.28,,30425.0
2018-04-11 10:30,,16.14,2048,16.18,16.09,16.12,,13756.0
2018-04-11 11:00,,16.2,2048,16.26,16.13,16.15,,12943.0
2018-04-11 11:30,,16.62,2048,16.64,16.2,16.2,,38425.0
2018-04-11 13:30,,16.58,2048,16.75,16.56,16.62,,28973.0
2018-04-11 14:00,,16.65,2048,16.7,16.58,16.58,,16078.0
2018-04-11 14:30,,16.59,2048,16.68,16.53,16.65,,13373.0
2018-04-11 15:00,,16.77,2048,16.83,16.58,16.58,,32761.0
2018-04-12 10:00,,17.14,2048,17.16,16.55,16.6,,47943.0
2018-04-12 10:30,,16.89,2048,17.14,16.83,17.14,,29651.0
2018-04-12 11:00,,16.81,2048,16.97,16.8,16.89,,16264.0
2018-04-12 11:30,,16.85,2048,16.89,16.75,16.81,,12361.0
2018-04-12 13:30,,16.89,2048,16.89,16.79,16.85,,8102.0
2018-04-12 14:00,,16.78,2048,16.89,16.77,16.89,,8950.0
2018-04-12 14:30,,16.77,2048,16.83,16.61,16.78,,15263.0
2018-04-12 15:00,,16.63,2048,16.77,16.61,16.74,,19072.0
2018-04-13 10:00,,16.76,2048,16.94,16.76,16.78,,21989.0
2018-04-13 10:30,,16.72,2048,16.85,16.67,16.76,,11788.0
2018-04-13 11:00,,16.8,2048,16.85,16.69,16.72,,6445.0
2018-04-13 11:30,,16.76,2048,16.81,16.7,16.8,,5184.0
2018-04-13 13:30,,16.81,2048,16.87,16.76,16.76,,9941.0
2018-04-13 14:00,,16.81,2048,16.88,16.81,16.81,,8885.0
2018-04-13 14:30,,16.72,2048,16.83,16.7,16.81,,8652.0
2018-04-13 15:00,,16.76,2048,16.79,16.71,16.72,,10860.0
2018-04-16 10:00,,16.35,2048,16.74,16.3,16.68,,34521.0
2018-04-16 10:30,,16.48,2048,16.53,16.35,16.35,,13480.0
2018-04-16 11:00,,16.36,2048,16.51,16.33,16.48,,11659.0
2018-04-16 11:30,,16.33,2048,16.41,16.31,16.36,,8364.0
2018-04-16 13:30,,16.26,2048,16.39,16.22,16.33,,7783.0
2018-04-16 14:00,,16.25,2048,16.29,16.11,16.25,,13312.0
2018-04-16 14:30,,16.18,2048,16.28,16.17,16.25,,10968.0
2018-04-16 15:00,,16.05,2048,16.21,16.05,16.18,,26151.0
2018-04-17 10:00,,16.09,2048,16.34,16.05,16.26,,21383.0
2018-04-17 10:30,,16.16,2048,16.2,16.09,16.09,,6350.0
2018-04-17 11:00,,16.18,2048,16.22,16.11,16.16,,5883.0
2018-04-17 11:30,,16.12,2048,16.22,16.11,16.18,,3784.0
2018-04-17 13:30,,16.05,2048,16.17,16.05,16.12,,6251.0
2018-04-17 14:00,,15.89,2048,16.05,15.85,16.05,,16284.0
2018-04-17 14:30,,15.78,2048,15.94,15.73,15.9,,14736.0
2018-04-17 15:00,,15.79,2048,15.84,15.65,15.77,,15870.0
2018-04-18 10:00,,15.87,2048,16.0,15.78,15.96,,21664.0
2018-04-18 10:30,,15.97,2048,16.0,15.85,15.87,,8422.0
2018-04-18 11:00,,15.9,2048,15.98,15.83,15.97,,10073.0
2018-04-18 11:30,,15.87,2048,15.93,15.8,15.9,,5601.0
2018-04-18 13:30,,15.96,2048,15.96,15.83,15.87,,8394.0
2018-04-18 14:00,,16.03,2048,16.1,15.96,15.96,,12131.0
2018-04-18 14:30,,16.02,2048,16.09,16.0,16.03,,6415.0
2018-04-18 15:00,,16.09,2048,16.23,16.02,16.02,,15147.0
2018-04-19 10:00,,16.23,2048,16.28,16.1,16.2,,12761.0
2018-04-19 10:30,,16.27,2048,16.28,16.16,16.23,,8371.0
2018-04-19 11:00,,16.37,2048,16.42,16.25,16.27,,14190.0
2018-04-19 11:30,,16.39,2048,16.41,16.27,16.38,,9337.0
2018-04-19 13:30,,16.3,2048,16.43,16.28,16.39,,11855.0
2018-04-19 14:00,,16.27,2048,16.34,16.24,16.3,,8108.0
2018-04-19 14:30,,16.18,2048,16.35,16.16,16.27,,11137.0
2018-04-19 15:00,,16.28,2048,16.29,16.17,16.18,,8265.0
2018-04-20 10:00,,16.13,2048,16.3,16.13,16.28,,9231.0
2018-04-20 10:30,,16.01,2048,16.16,16.01,16.13,,16932.0
2018-04-20 11:00,,15.93,2048,16.05,15.86,16.01,,8945.0
2018-04-20 11:30,,15.86,2048,15.94,15.8,15.93,,7212.0
2018-04-20 13:30,,15.73,2048,15.86,15.7,15.86,,11989.0
2018-04-20 14:00,,15.63,2048,15.8,15.6,15.73,,19244.0
2018-04-20 14:30,,15.63,2048,15.67,15.6,15.6,,10181.0
2018-04-20 15:00,,15.49,2048,15.67,15.46,15.62,,27491.0
2018-04-23 10:00,,15.64,2048,15.79,15.46,15.5,,15631.0
2018-04-23 10:30,,15.6,2048,15.73,15.51,15.63,,8994.0
2018-04-23 11:00,,15.52,2048,15.63,15.47,15.6,,13151.0
2018-04-23 11:30,,15.17,2048,15.57,15.08,15.52,,14772.0
2018-04-23 13:30,,15.15,2048,15.23,15.11,15.17,,16738.0
2018-04-23 14:00,,15.05,2048,15.4,15.05,15.15,,15593.0
2018-04-23 14:30,,15.02,2048,15.15,14.91,15.04,,19355.0
2018-04-23 15:00,,15.23,2048,15.27,15.0,15.0,,11485.0
2018-04-24 10:00,,15.46,2048,15.55,15.25,15.25,,19325.0
2018-04-24 10:30,,15.56,2048,15.57,15.42,15.46,,13069.0
2018-04-24 11:00,,15.61,2048,15.65,15.55,15.56,,8504.0
2018-04-24 11:30,,15.67,2048,15.71,15.58,15.61,,8899.0
2018-04-24 13:30,,15.68,2048,15.74,15.64,15.67,,8471.0
2018-04-24 14:00,,15.7,2048,15.72,15.65,15.68,,5833.0
2018-04-24 14:30,,15.72,2048,15.78,15.63,15.7,,8677.0
2018-04-24 15:00,,15.84,2048,15.84,15.69,15.72,,14148.0
2018-04-25 10:00,,16.08,2048,16.15,15.83,15.83,,28904.0
2018-04-25 10:30,,16.21,2048,16.26,15.97,16.08,,18577.0
2018-04-25 11:00,,16.09,2048,16.23,16.06,16.21,,8763.0
2018-04-25 11:30,,16.14,2048,16.16,16.05,16.09,,7548.0
2018-04-25 13:30,,16.21,2048,16.22,16.08,16.14,,6870.0
2018-04-25 14:00,,16.14,2048,16.22,16.12,16.21,,9939.0
2018-04-25 14:30,,16.19,2048,16.2,16.12,16.14,,6649.0
2018-04-25 15:00,,16.19,2048,16.19,16.15,16.19,,11581.0
2018-04-26 10:00,,14.57,2048,15.33,14.57,15.03,,158203.0
2018-04-26 10:30,,14.57,2048,14.59,14.57,14.57,,17369.0
2018-04-26 11:00,,14.57,2048,14.57,14.57,14.57,,2924.0
2018-04-26 11:30,,14.57,2048,14.57,14.57,14.57,,2200.0
2018-04-26 13:30,,14.57,2048,14.57,14.57,14.57,,1645.0
2018-04-26 14:00,,14.57,2048,14.57,14.57,14.57,,459.0
2018-04-26 14:30,,14.57,2048,14.57,14.57,14.57,,919.0
2018-04-26 15:00,,14.57,2048,14.57,14.57,14.57,,1707.0
2018-04-27 10:00,,13.59,2048,14.25,13.35,14.15,,99384.0
2018-04-27 10:30,,13.6,2048,13.73,13.45,13.59,,31043.0
2018-04-27 11:00,,13.41,2048,13.64,13.38,13.6,,27052.0
2018-04-27 11:30,,13.23,2048,13.46,13.2,13.41,,29415.0
2018-04-27 13:30,,13.29,2048,13.32,13.2,13.23,,18467.0
2018-04-27 14:00,,13.39,2048,13.42,13.26,13.29,,17884.0
2018-04-27 14:30,,13.43,2048,13.49,13.36,13.4,,13524.0
2018-04-27 15:00,,13.47,2048,13.47,13.41,13.43,,20778.0
2018-05-02 10:00,,13.54,2048,13.65,13.4,13.43,,26136.0
2018-05-02 10:30,,13.45,2048,13.57,13.44,13.53,,15517.0
2018-05-02 11:00,,13.42,2048,13.48,13.38,13.45,,11305.0
2018-05-02 11:30,,13.3,2048,13.43,13.25,13.42,,10323.0
2018-05-02 13:30,,13.38,2048,13.41,13.27,13.3,,10008.0
2018-05-02 14:00,,13.32,2048,13.43,13.28,13.38,,8462.0
2018-05-02 14:30,,13.33,2048,13.38,13.27,13.32,,8717.0
2018-05-02 15:00,,13.45,2048,13.46,13.32,13.33,,11848.0
2018-05-03 10:00,,13.3,2048,13.42,13.21,13.42,,17344.0
2018-05-03 10:30,,13.29,2048,13.31,13.24,13.3,,12578.0
2018-05-03 11:00,,13.28,2048,13.32,13.22,13.29,,11615.0
2018-05-03 11:30,,13.33,2048,13.34,13.21,13.28,,14629.0
2018-05-03 13:30,,13.39,2048,13.41,13.23,13.33,,18382.0
2018-05-03 14:00,,13.53,2048,13.56,13.38,13.39,,17994.0
2018-05-03 14:30,,13.61,2048,13.66,13.52,13.52,,22485.0
2018-05-03 15:00,,13.73,2048,13.77,13.54,13.61,,24098.0
2018-05-04 10:00,,13.89,2048,13.91,13.52,13.66,,28246.0
2018-05-04 10:30,,13.87,2048,13.92,13.82,13.89,,19970.0
2018-05-04 11:00,,13.73,2048,13.88,13.73,13.87,,14051.0
2018-05-04 11:30,,13.74,2048,13.76,13.68,13.73,,7424.0
2018-05-04 13:30,,13.74,2048,13.75,13.69,13.74,,6545.0
2018-05-04 14:00,,13.71,2048,13.84,13.69,13.74,,13071.0
2018-05-04 14:30,,13.67,2048,13.72,13.65,13.71,,9124.0
2018-05-04 15:00,,13.62,2048,13.69,13.59,13.67,,16922.0
2018-05-07 10:00,,13.81,2048,13.93,13.76,13.85,,25362.0
2018-05-07 10:30,,13.93,2048,13.97,13.81,13.81,,17255.0
2018-05-07 11:00,,13.92,2048,13.94,13.87,13.93,,9597.0
2018-05-07 11:30,,14.0,2048,14.0,13.91,13.92,,11356.0
2018-05-07 13:30,,14.0,2048,14.09,13.99,14.0,,19914.0
2018-05-07 14:00,,14.01,2048,14.03,13.91,14.0,,11553.0
2018-05-07 14:30,,13.97,2048,14.01,13.95,14.01,,7019.0
2018-05-07 15:00,,14.06,2048,14.08,13.94,13.97,,17596.0
2018-05-08 10:00,,13.97,2048,14.07,13.92,14.07,,21048.0
2018-05-08 10:30,,13.97,2048,14.03,13.95,13.97,,9990.0
2018-05-08 11:00,,13.98,2048,14.04,13.95,13.97,,9003.0
2018-05-08 11:30,,14.01,2048,14.03,13.96,13.98,,7856.0
2018-05-08 13:30,,13.97,2048,14.02,13.96,14.01,,8354.0
2018-05-08 14:00,,13.96,2048,13.99,13.94,13.97,,6501.0
2018-05-08 14:30,,13.94,2048,13.97,13.92,13.96,,9706.0
2018-05-08 15:00,,14.0,2048,14.0,13.92,13.93,,13781.0
2018-05-09 10:00,,14.25,2048,14.36,14.01,14.07,,36026.0
2018-05-09 10:30,,14.22,2048,14.28,14.19,14.25,,12261.0
2018-05-09 11:00,,14.14,2048,14.23,14.13,14.22,,9169.0
2018-05-09 11:30,,14.24,2048,14.25,14.14,14.14,,5118.0
2018-05-09 13:30,,14.18,2048,14.26,14.16,14.24,,8550.0
2018-05-09 14:00,,14.14,2048,14.19,14.08,14.18,,7882.0
2018-05-09 14:30,,14.08,2048,14.15,14.06,14.14,,8058.0
2018-05-09 15:00,,14.11,2048,14.14,14.07,14.08,,11314.0
2018-05-10 10:00,,14.16,2048,14.25,14.04,14.16,,15319.0
2018-05-10 10:30,,14.09,2048,14.18,14.07,14.16,,10689.0
2018-05-10 11:00,,14.01,2048,14.1,13.98,14.09,,13407.0
2018-05-10 11:30,,14.03,2048,14.09,13.99,14.01,,3229.0
2018-05-10 13:30,,14.03,2048,14.09,14.01,14.03,,4670.0
2018-05-10 14:00,,13.99,2048,14.1,13.98,14.03,,7333.0
2018-05-10 14:30,,14.05,2048,14.06,13.93,13.99,,8412.0
2018-05-10 15:00,,14.1,2048,14.11,14.04,14.05,,12615.0
2018-05-11 10:00,,13.93,2048,14.14,13.91,14.11,,15616.0
2018-05-11 10:30,,14.01,2048,14.04,13.91,13.93,,6080.0
2018-05-11 11:00,,13.98,2048,14.06,13.97,14.01,,4748.0
2018-05-11 11:30,,14.01,2048,14.06,13.97,13.98,,3488.0
2018-05-11 13:30,,14.0,2048,14.04,13.99,14.01,,2454.0
2018-05-11 14:00,,14.01,2048,14.06,13.99,14.0,,2863.0
2018-05-11 14:30,,14.0,2048,14.06,13.98,14.01,,5969.0
2018-05-11 15:00,,13.96,2048,14.05,13.96,14.01,,10953.0
2018-05-14 10:00,,13.79,2048,14.04,13.79,14.04,,21947.0
2018-05-14 10:30,,13.81,2048,13.85,13.74,13.78,,18378.0
2018-05-14 11:00,,13.83,2048,13.9,13.8,13.81,,11051.0
2018-05-14 11:30,,13.9,2048,13.92,13.82,13.83,,4782.0
2018-05-14 13:30,,13.9,2048,13.95,13.88,13.9,,7696.0
2018-05-14 14:00,,13.89,2048,13.92,13.87,13.9,,5622.0
2018-05-14 14:30,,13.95,2048,13.95,13.89,13.89,,4254.0
2018-05-14 15:00,,14.01,2048,14.01,13.9,13.95,,13048.0
2018-05-15 10:00,,14.02,2048,14.13,13.95,14.01,,17525.0
2018-05-15 10:30,,14.02,2048,14.04,13.99,14.02,,6374.0
2018-05-15 11:00,,14.0,2048,14.06,13.99,14.01,,7300.0
2018-05-15 11:30,,14.06,2048,14.08,14.0,14.0,,7942.0
2018-05-15 13:30,,14.02,2048,14.07,14.02,14.06,,5275.0
2018-05-15 14:00,,14.09,2048,14.15,14.02,14.02,,14939.0
2018-05-15 14:30,,14.13,2048,14.15,14.08,14.09,,13751.0
2018-05-15 15:00,,14.15,2048,14.15,14.09,14.14,,15296.0
2018-05-16 10:00,,14.0,2048,14.14,13.99,14.06,,16554.0
2018-05-16 10:30,,14.03,2048,14.04,13.99,14.0,,5920.0
2018-05-16 11:00,,14.0,2048,14.04,13.93,14.04,,7602.0
2018-05-16 11:30,,13.98,2048,14.03,13.97,14.0,,4864.0
2018-05-16 13:30,,14.01,2048,14.03,13.95,13.98,,5272.0
2018-05-16 14:00,,13.99,2048,14.07,13.99,14.01,,6990.0
2018-05-16 14:30,,13.95,2048,14.0,13.94,13.98,,9981.0
2018-05-16 15:00,,13.91,2048,13.96,13.87,13.95,,21551.0
2018-05-17 10:00,,13.83,2048,13.98,13.77,13.91,,15197.0
2018-05-17 10:30,,13.82,2048,13.86,13.79,13.83,,7599.0
2018-05-17 11:00,,13.82,2048,13.85,13.79,13.82,,10387.0
2018-05-17 11:30,,13.88,2048,13.89,13.81,13.82,,4753.0
2018-05-17 13:30,,13.97,2048,13.99,13.88,13.88,,6468.0
2018-05-17 14:00,,13.98,2048,14.07,13.96,13.97,,12217.0
2018-05-17 14:30,,13.98,2048,14.03,13.97,13.98,,5122.0
2018-05-17 15:00,,13.95,2048,14.0,13.93,13.98,,5930.0
2018-05-18 10:00,,14.07,2048,14.11,13.94,13.94,,20889.0
2018-05-18 10:30,,14.07,2048,14.08,14.03,14.07,,7405.0
2018-05-18 11:00,,14.02,2048,14.07,14.01,14.07,,5762.0
2018-05-18 11:30,,13.99,2048,14.02,13.96,14.02,,3518.0
2018-05-18 13:30,,14.01,2048,14.04,13.98,13.99,,5251.0
2018-05-18 14:00,,14.02,2048,14.02,13.99,14.01,,4630.0
2018-05-18 14:30,,14.07,2048,14.09,14.02,14.02,,8252.0
2018-05-18 15:00,,14.06,2048,14.07,14.02,14.07,,14246.0
2018-05-21 10:00,,14.22,2048,14.28,14.14,14.28,,19350.0
2018-05-21 10:30,,14.3,2048,14.31,14.18,14.22,,18856.0
2018-05-21 11:00,,14.29,2048,14.33,14.26,14.3,,14049.0
2018-05-21 11:30,,14.34,2048,14.35,14.27,14.29,,12753.0
2018-05-21 13:30,,14.36,2048,14.49,14.34,14.34,,18390.0
2018-05-21 14:00,,14.4,2048,14.43,14.35,14.36,,7923.0
2018-05-21 14:30,,14.35,2048,14.41,14.31,14.4,,8757.0
2018-05-21 15:00,,14.34,2048,14.37,14.33,14.35,,10276.0
2018-05-22 10:00,,14.51,2048,14.57,14.3,14.36,,22988.0
2018-05-22 10:30,,14.46,2048,14.51,14.43,14.51,,11575.0
2018-05-22 11:00,,14.44,2048,14.47,14.41,14.46,,6364.0
2018-05-22 11:30,,14.4,2048,14.45,14.38,14.44,,4944.0
2018-05-22 13:30,,14.35,2048,14.43,14.35,14.4,,7707.0
2018-05-22 14:00,,14.36,2048,14.4,14.34,14.35,,7617.0
2018-05-22 14:30,,14.43,2048,14.44,14.36,14.36,,6488.0
2018-05-22 15:00,,14.45,2048,14.49,14.43,14.43,,13688.0
2018-05-23 10:00,,14.69,2048,14.77,14.37,14.5,,38077.0
2018-05-23 10:30,,14.7,2048,14.76,14.67,14.69,,17705.0
2018-05-23 11:00,,14.67,2048,14.73,14.65,14.7,,7370.0
2018-05-23 11:30,,14.65,2048,14.68,14.61,14.67,,7260.0
2018-05-23 13:30,,14.63,2048,14.7,14.6,14.66,,7471.0
2018-05-23 14:00,,14.6,2048,14.63,14.55,14.63,,9426.0
2018-05-23 14:30,,14.62,2048,14.67,14.56,14.6,,8076.0
2018-05-23 15:00,,14.58,2048,14.63,14.56,14.62,,12172.0
2018-05-24 10:00,,14.41,2048,14.61,14.34,14.58,,15596.0
2018-05-24 10:30,,14.27,2048,14.42,14.2,14.41,,16205.0
2018-05-24 11:00,,14.31,2048,14.32,14.2,14.27,,8033.0
2018-05-24 11:30,,14.3,2048,14.33,14.27,14.31,,4376.0
2018-05-24 13:30,,14.26,2048,14.31,14.26,14.3,,3178.0
2018-05-24 14:00,,14.3,2048,14.35,14.23,14.26,,5262.0
2018-05-24 14:30,,14.27,2048,14.31,14.25,14.3,,6891.0
2018-05-24 15:00,,14.21,2048,14.29,14.21,14.27,,11095.0
2018-05-25 10:00,,14.26,2048,14.35,14.1,14.14,,11796.0
2018-05-25 10:30,,14.28,2048,14.37,14.25,14.26,,7795.0
2018-05-25 11:00,,14.21,2048,14.28,14.21,14.27,,5560.0
2018-05-25 11:30,,14.44,2048,14.47,14.21,14.21,,10975.0
2018-05-25 13:30,,14.42,2048,14.47,14.36,14.44,,3967.0
2018-05-25 14:00,,14.32,2048,14.42,14.31,14.42,,4125.0
2018-05-25 14:30,,14.23,2048,14.34,14.2,14.32,,9142.0
2018-05-25 15:00,,14.26,2048,14.33,14.23,14.23,,7482.0
2018-05-28 10:00,,14.02,2048,14.3,13.88,14.3,,19841.0
2018-05-28 10:30,,14.09,2048,14.13,13.99,14.05,,8428.0
2018-05-28 11:00,,14.04,2048,14.09,13.97,14.09,,7036.0
2018-05-28 11:30,,14.04,2048,14.11,14.03,14.04,,6413.0
2018-05-28 13:30,,14.04,2048,14.1,14.03,14.04,,2487.0
2018-05-28 14:00,,14.05,2048,14.08,14.01,14.04,,3541.0
2018-05-28 14:30,,14.13,2048,14.17,14.04,14.05,,7714.0
2018-05-28 15:00,,14.1,2048,14.18,14.06,14.13,,6317.0
2018-05-29 10:00,,14.27,2048,14.35,14.19,14.2,,21535.0
2018-05-29 10:30,,14.26,2048,14.33,14.24,14.27,,7693.0
2018-05-29 11:00,,14.25,2048,14.31,14.25,14.26,,6400.0
2018-05-29 11:30,,14.19,2048,14.29,14.18,14.25,,6256.0
2018-05-29 13:30,,14.39,2048,14.45,14.13,14.19,,17117.0
2018-05-29 14:00,,14.32,2048,14.43,14.32,14.39,,7582.0
2018-05-29 14:30,,14.49,2048,14.53,14.31,14.32,,20869.0
2018-05-29 15:00,,14.44,2048,14.49,14.38,14.49,,13081.0
2018-05-30 10:00,,14.15,2048,14.2,14.01,14.2,,19165.0
2018-05-30 10:30,,14.1,2048,14.15,14.09,14.15,,6953.0
2018-05-30 11:00,,14.08,2048,14.14,14.03,14.1,,6356.0
2018-05-30 11:30,,14.09,2048,14.09,14.01,14.08,,8017.0
2018-05-30 13:30,,14.12,2048,14.13,14.06,14.09,,3090.0
2018-05-30 14:00,,14.1,2048,14.13,14.06,14.12,,4058.0
2018-05-30 14:30,,14.19,2048,14.26,14.08,14.1,,9927.0
2018-05-30 15:00,,14.04,2048,14.19,14.04,14.19,,14787.0
2018-05-31 10:00,,14.1,2048,14.25,14.07,14.18,,10082.0
2018-05-31 10:30,,14.09,2048,14.18,14.08,14.12,,5417.0
2018-05-31 11:00,,14.03,2048,14.09,14.01,14.09,,10082.0
2018-05-31 11:30,,14.05,2048,14.1,14.02,14.03,,5198.0
2018-05-31 13:30,,14.1,2048,14.12,14.05,14.05,,3886.0
2018-05-31 14:00,,14.07,2048,14.13,14.03,14.1,,9403.0
2018-05-31 14:30,,14.13,2048,14.16,14.07,14.07,,7204.0
2018-05-31 15:00,,14.19,2048,14.19,14.09,14.13,,14839.0
2018-06-01 10:00,,14.03,2048,14.19,14.02,14.19,,10013.0
2018-06-01 10:30,,13.94,2048,14.03,13.92,14.03,,13750.0
2018-06-01 11:00,,13.97,2048,14.0,13.93,13.94,,6299.0
2018-06-01 11:30,,13.93,2048,13.99,13.92,13.97,,4132.0
2018-06-01 13:30,,13.88,2048,13.94,13.84,13.93,,8800.0
2018-06-01 14:00,,13.83,2048,13.92,13.83,13.88,,6939.0
2018-06-01 14:30,,13.8,2048,13.86,13.72,13.83,,12360.0
2018-06-01 15:00,,13.77,2048,13.8,13.7,13.8,,12434.0
2018-06-04 10:00,,13.74,2048,13.92,13.73,13.8,,8936.0
2018-06-04 10:30,,13.61,2048,13.77,13.56,13.74,,10238.0
2018-06-04 11:00,,13.67,2048,13.7,13.61,13.61,,3561.0
2018-06-04 11:30,,13.65,2048,13.68,13.63,13.67,,1957.0
2018-06-04 13:30,,13.69,2048,13.71,13.64,13.65,,1842.0
2018-06-04 14:00,,13.65,2048,13.7,13.65,13.69,,1656.0
2018-06-04 14:30,,13.62,2048,13.69,13.59,13.65,,4950.0
2018-06-04 15:00,,13.59,2048,13.63,13.55,13.62,,9677.0
2018-06-05 10:00,,13.82,2048,13.85,13.61,13.61,,9996.0
2018-06-05 10:30,,13.81,2048,13.82,13.77,13.82,,5071.0
2018-06-05 11:00,,13.86,2048,13.9,13.81,13.81,,6583.0
2018-06-05 11:30,,13.84,2048,13.86,13.79,13.86,,5900.0
2018-06-05 13:30,,13.84,2048,13.85,13.81,13.84,,5536.0
2018-06-05 14:00,,13.76,2048,13.84,13.74,13.84,,9120.0
2018-06-05 14:30,,13.82,2048,13.84,13.74,13.76,,6423.0
2018-06-05 15:00,,13.87,2048,13.89,13.81,13.82,,6803.0
2018-06-06 10:00,,14.07,2048,14.08,13.84,13.92,,16237.0
2018-06-06 10:30,,14.1,2048,14.14,14.05,14.07,,10417.0
2018-06-06 11:00,,14.09,2048,14.17,14.05,14.1,,8723.0
2018-06-06 11:30,,14.09,2048,14.1,14.06,14.09,,3957.0
2018-06-06 13:30,,14.1,2048,14.11,14.07,14.1,,3808.0
2018-06-06 14:00,,14.11,2048,14.11,14.07,14.1,,5464.0
2018-06-06 14:30,,14.2,2048,14.22,14.1,14.11,,15439.0
2018-06-06 15:00,,14.36,2048,14.37,14.19,14.2,,21853.0
2018-06-07 10:00,,14.26,2048,14.48,14.19,14.45,,24516.0
2018-06-07 10:30,,14.22,2048,14.27,14.21,14.26,,8737.0
2018-06-07 11:00,,14.18,2048,14.23,14.16,14.22,,9234.0
2018-06-07 11:30,,14.2,2048,14.22,14.18,14.18,,2767.0
2018-06-07 13:30,,14.23,2048,14.27,14.19,14.2,,3817.0
2018-06-07 14:00,,14.24,2048,14.25,14.2,14.23,,4172.0
2018-06-07 14:30,,14.23,2048,14.25,14.17,14.24,,5503.0
2018-06-07 15:00,,14.14,2048,14.23,14.12,14.23,,7878.0
2018-06-08 10:00,,14.09,2048,14.29,14.04,14.12,,10100.0
2018-06-08 10:30,,14.03,2048,14.09,14.03,14.09,,5821.0
2018-06-08 11:00,,14.07,2048,14.08,14.01,14.03,,3674.0
2018-06-08 11:30,,14.0,2048,14.1,13.95,14.07,,4860.0
2018-06-08 13:30,,13.98,2048,14.02,13.97,14.0,,2200.0
2018-06-08 14:00,,14.01,2048,14.07,13.97,13.98,,4130.0
2018-06-08 14:30,,14.03,2048,14.05,13.96,14.01,,5791.0
2018-06-08 15:00,,14.05,2048,14.06,14.01,14.03,,5571.0
2018-06-11 10:00,,13.91,2048,14.08,13.84,13.96,,10766.0
2018-06-11 10:30,,13.9,2048,14.0,13.9,13.91,,3247.0
2018-06-11 11:00,,13.95,2048,13.95,13.87,13.9,,1860.0
2018-06-11 11:30,,13.93,2048,13.95,13.91,13.95,,996.0
2018-06-11 13:30,,13.9,2048,13.94,13.9,13.93,,1889.0
2018-06-11 14:00,,13.85,2048,13.9,13.83,13.9,,4989.0
2018-06-11 14:30,,13.89,2048,13.9,13.8,13.85,,5178.0
2018-06-11 15:00,,13.91,2048,13.95,13.88,13.89,,7713.0
2018-06-12 10:00,,13.97,2048,14.08,13.93,14.0,,10370.0
2018-06-12 10:30,,13.9,2048,13.97,13.85,13.97,,5358.0
2018-06-12 11:00,,13.9,2048,13.97,13.9,13.92,,3431.0
2018-06-12 11:30,,13.94,2048,13.96,13.85,13.9,,3663.0
2018-06-12 13:30,,14.0,2048,14.03,13.94,13.94,,3655.0
2018-06-12 14:00,,14.02,2048,14.04,13.96,14.0,,4495.0
2018-06-12 14:30,,14.04,2048,14.07,13.97,14.02,,6708.0
2018-06-12 15:00,,14.02,2048,14.07,14.0,14.04,,7287.0
2018-06-13 10:00,,13.79,2048,14.08,13.71,14.02,,9289.0
2018-06-13 10:30,,13.81,2048,13.85,13.77,13.79,,4031.0
2018-06-13 11:00,,13.81,2048,13.88,13.74,13.81,,4693.0
2018-06-13 11:30,,13.7,2048,13.81,13.69,13.81,,10050.0
2018-06-13 13:30,,13.75,2048,13.75,13.67,13.68,,3901.0
2018-06-13 14:00,,13.71,2048,13.75,13.7,13.75,,2684.0
2018-06-13 14:30,,13.69,2048,13.75,13.65,13.71,,5170.0
2018-06-13 15:00,,13.56,2048,13.7,13.55,13.69,,13816.0
2018-06-14 10:00,,13.69,2048,13.7,13.48,13.56,,6810.0
2018-06-14 10:30,,13.54,2048,13.7,13.52,13.69,,4835.0
2018-06-14 11:00,,13.52,2048,13.55,13.5,13.55,,3436.0
2018-06-14 11:30,,13.53,2048,13.62,13.52,13.52,,2862.0
2018-06-14 13:30,,13.54,2048,13.58,13.51,13.53,,3250.0
2018-06-14 14:00,,13.51,2048,13.56,13.45,13.54,,8721.0
2018-06-14 14:30,,13.45,2048,13.53,13.25,13.51,,14117.0
2018-06-14 15:00,,13.32,2048,13.47,13.31,13.45,,7727.0
2018-06-15 10:00,,13.23,2048,13.44,13.23,13.34,,9405.0
2018-06-15 10:30,,13.17,2048,13.23,13.13,13.23,,7925.0
2018-06-15 11:00,,12.77,2048,13.18,12.53,13.17,,29615.0
2018-06-15 11:30,,12.77,2048,12.82,12.6,12.77,,9738.0
2018-06-15 13:30,,12.79,2048,12.85,12.72,12.77,,5098.0
2018-06-15 14:00,,12.82,2048,12.85,12.75,12.79,,4445.0
2018-06-15 14:30,,12.79,2048,12.85,12.77,12.83,,7075.0
2018-06-15 15:00,,12.8,2048,12.88,12.77,12.79,,8741.0
2018-06-19 10:00,,12.56,2048,12.62,12.44,12.6,,13251.0
2018-06-19 10:30,,12.49,2048,12.66,12.49,12.56,,8178.0
2018-06-19 11:00,,12.49,2048,12.56,12.46,12.49,,10430.0
2018-06-19 11:30,,12.07,2048,12.49,12.04,12.49,,20324.0
2018-06-19 13:30,,11.66,2048,12.07,11.66,12.07,,19516.0
2018-06-19 14:00,,11.74,2048,11.87,11.6,11.66,,11407.0
2018-06-19 14:30,,11.75,2048,11.8,11.63,11.74,,14093.0
2018-06-19 15:00,,11.74,2048,11.8,11.69,11.75,,14975.0
2018-06-20 10:00,,11.88,2048,11.91,11.68,11.73,,10465.0
2018-06-20 10:30,,11.86,2048,11.96,11.85,11.89,,4186.0
2018-06-20 11:00,,11.79,2048,11.89,11.76,11.85,,5892.0
2018-06-20 11:30,,11.8,2048,11.85,11.66,11.79,,7429.0
2018-06-20 13:30,,11.97,2048,12.0,11.8,11.8,,7826.0
2018-06-20 14:00,,11.96,2048,12.08,11.9,11.97,,8623.0
2018-06-20 14:30,,11.92,2048,11.96,11.87,11.96,,7419.0
2018-06-20 15:00,,11.84,2048,11.94,11.82,11.92,,4918.0
2018-06-21 10:00,,11.85,2048,11.91,11.79,11.84,,6892.0
2018-06-21 10:30,,11.85,2048,11.9,11.8,11.84,,5228.0
2018-06-21 11:00,,11.8,2048,11.86,11.77,11.85,,3128.0
2018-06-21 11:30,,11.5,2048,11.82,11.5,11.8,,9487.0
2018-06-21 13:30,,11.54,2048,11.61,11.45,11.5,,10207.0
2018-06-21 14:00,,11.45,2048,11.54,11.35,11.54,,8121.0
2018-06-21 14:30,,11.37,2048,11.45,11.24,11.45,,8703.0
2018-06-21 15:00,,11.25,2048,11.42,11.25,11.37,,8879.0
2018-06-22 10:00,,11.48,2048,11.54,11.22,11.28,,11731.0
2018-06-22 10:30,,11.54,2048,11.57,11.45,11.48,,8180.0
2018-06-22 11:00,,11.64,2048,11.64,11.51,11.54,,5355.0
2018-06-22 11:30,,11.63,2048,11.68,11.57,11.64,,4901.0
2018-06-22 13:30,,11.56,2048,11.64,11.56,11.63,,3750.0
2018-06-22 14:00,,11.53,2048,11.59,11.51,11.56,,4831.0
2018-06-22 14:30,,11.59,2048,11.59,11.51,11.53,,3462.0
2018-06-22 15:00,,11.6,2048,11.64,11.58,11.59,,5315.0
2018-06-25 10:00,,11.78,2048,11.84,11.65,11.73,,11471.0
2018-06-25 10:30,,11.85,2048,11.87,11.76,11.78,,7230.0
2018-06-25 11:00,,11.81,2048,11.86,11.78,11.85,,2513.0
2018-06-25 11:30,,11.83,2048,11.84,11.78,11.81,,2152.0
2018-06-25 13:30,,11.81,2048,11.84,11.79,11.83,,2398.0
2018-06-25 14:00,,11.77,2048,11.81,11.66,11.81,,5879.0
2018-06-25 14:30,,11.75,2048,11.78,11.73,11.77,,3422.0
2018-06-25 15:00,,11.7,2048,11.78,11.69,11.75,,6983.0
2018-06-26 10:00,,11.65,2048,11.74,11.45,11.54,,7014.0
2018-06-26 10:30,,11.66,2048,11.72,11.58,11.65,,6001.0
2018-06-26 11:00,,11.77,2048,11.77,11.63,11.66,,8895.0
2018-06-26 11:30,,11.81,2048,11.89,11.76,11.77,,8882.0
2018-06-26 13:30,,11.79,2048,11.89,11.79,11.81,,4056.0
2018-06-26 14:00,,11.84,2048,11.85,11.77,11.79,,4415.0
2018-06-26 14:30,,11.79,2048,11.84,11.76,11.84,,3175.0
2018-06-26 15:00,,11.78,2048,11.8,11.72,11.79,,6852.0
2018-06-27 10:00,,11.87,2048,11.95,11.83,11.89,,12257.0
2018-06-27 10:30,,11.87,2048,11.89,11.83,11.86,,6533.0
2018-06-27 11:00,,11.83,2048,11.88,11.76,11.87,,5545.0
2018-06-27 11:30,,11.78,2048,11.83,11.76,11.83,,2247.0
2018-06-27 13:30,,11.76,2048,11.78,11.71,11.78,,2750.0
2018-06-27 14:00,,11.72,2048,11.79,11.72,11.76,,3104.0
2018-06-27 14:30,,11.7,2048,11.78,11.69,11.72,,5718.0
2018-06-27 15:00,,11.8,2048,11.85,11.69,11.69,,7523.0
2018-06-28 10:00,,12.17,2048,12.24,11.87,11.95,,23761.0
2018-06-28 10:30,,12.04,2048,12.2,12.03,12.17,,8081.0
2018-06-28 11:00,,12.07,2048,12.07,11.98,12.04,,7059.0
2018-06-28 11:30,,12.06,2048,12.11,12.06,12.07,,3912.0
2018-06-28 13:30,,12.06,2048,12.11,12.03,12.06,,3679.0
2018-06-28 14:00,,12.01,2048,12.07,12.0,12.06,,8413.0
2018-06-28 14:30,,11.97,2048,12.04,11.97,12.01,,4323.0
2018-06-28 15:00,,11.92,2048,11.99,11.91,11.97,,6811.0
2018-06-29 10:00,,11.97,2048,12.05,11.88,11.98,,7561.0
2018-06-29 10:30,,12.11,2048,12.16,11.95,11.97,,7097.0
2018-06-29 11:00,,12.16,2048,12.16,12.06,12.11,,5859.0
2018-06-29 11:30,,12.21,2048,12.21,12.15,12.16,,6230.0
2018-06-29 13:30,,12.21,2048,12.23,12.17,12.21,,4395.0
2018-06-29 14:00,,12.25,2048,12.26,12.19,12.21,,6786.0
2018-06-29 14:30,,12.29,2048,12.3,12.2,12.25,,8095.0
2018-06-29 15:00,,12.33,2048,12.43,12.29,12.29,,10128.0
2018-07-02 10:00,,12.21,2048,12.35,12.2,12.35,,11034.0
2018-07-02 10:30,,12.14,2048,12.22,12.14,12.21,,9942.0
2018-07-02 11:00,,12.2,2048,12.24,12.13,12.13,,4655.0
2018-07-02 11:30,,12.15,2048,12.2,12.14,12.2,,3091.0
2018-07-02 13:30,,12.1,2048,12.18,12.1,12.15,,4238.0
2018-07-02 14:00,,12.11,2048,12.12,12.06,12.1,,5118.0
2018-07-02 14:30,,12.07,2048,12.13,12.06,12.11,,3542.0
2018-07-02 15:00,,12.05,2048,12.11,11.96,12.07,,6979.0
2018-07-03 10:00,,11.96,2048,12.19,11.95,12.07,,7856.0
2018-07-03 10:30,,12.09,2048,12.12,11.94,11.96,,3851.0
2018-07-03 11:00,,11.98,2048,12.09,11.98,12.09,,2300.0
2018-07-03 11:30,,11.98,2048,12.05,11.9,11.98,,3481.0
2018-07-03 13:30,,12.15,2048,12.15,11.95,11.98,,3112.0
2018-07-03 14:00,,12.14,2048,12.2,12.1,12.15,,4174.0
2018-07-03 14:30,,12.21,2048,12.25,12.14,12.14,,5162.0
2018-07-03 15:00,,12.17,2048,12.23,12.14,12.21,,3462.0
2018-07-04 10:00,,12.05,2048,12.16,12.0,12.14,,8773.0
2018-07-04 10:30,,12.04,2048,12.14,12.02,12.05,,4185.0
2018-07-04 11:00,,12.02,2048,12.1,12.02,12.04,,2217.0
2018-07-04 11:30,,12.05,2048,12.08,12.0,12.02,,2304.0
2018-07-04 13:30,,12.13,2048,12.13,12.0,12.05,,3390.0
2018-07-04 14:00,,12.05,2048,12.13,12.05,12.13,,2207.0
2018-07-04 14:30,,12.03,2048,12.07,11.97,12.05,,5009.0
2018-07-04 15:00,,11.98,2048,12.05,11.98,12.03,,6535.0
2018-07-05 10:00,,11.99,2048,12.06,11.92,11.98,,4443.0
2018-07-05 10:30,,12.01,2048,12.03,11.95,11.99,,2245.0
2018-07-05 11:00,,12.03,2048,12.1,11.99,12.01,,3591.0
2018-07-05 11:30,,11.89,2048,12.03,11.88,12.03,,3088.0
2018-07-05 13:30,,11.89,2048,11.95,11.83,11.89,,4515.0
2018-07-05 14:00,,11.85,2048,11.92,11.77,11.89,,5411.0
2018-07-05 14:30,,11.79,2048,11.87,11.78,11.85,,2493.0
2018-07-05 15:00,,11.6,2048,11.8,11.6,11.79,,8637.0
2018-07-06 10:00,,11.82,2048,11.93,11.6,11.75,,6475.0
2018-07-06 10:30,,11.66,2048,11.85,11.66,11.82,,4298.0
2018-07-06 11:00,,11.69,2048,11.76,11.65,11.66,,1885.0
2018-07-06 11:30,,11.79,2048,11.79,11.57,11.69,,4287.0
2018-07-06 13:30,,12.05,2048,12.11,11.79,11.79,,11296.0
2018-07-06 14:00,,12.03,2048,12.05,11.93,12.05,,3390.0
2018-07-06 14:30,,11.93,2048,12.03,11.9,12.03,,3597.0
2018-07-06 15:00,,11.93,2048,11.98,11.88,11.93,,4142.0
2018-07-09 10:00,,12.09,2048,12.14,11.95,11.95,,8107.0
2018-07-09 10:30,,12.06,2048,12.16,12.06,12.09,,4563.0
2018-07-09 11:00,,12.07,2048,12.09,12.05,12.06,,2046.0
2018-07-09 11:30,,12.13,2048,12.17,12.07,12.07,,3157.0
2018-07-09 13:30,,12.12,2048,12.16,12.05,12.13,,5864.0
2018-07-09 14:00,,12.08,2048,12.12,12.05,12.12,,3415.0
2018-07-09 14:30,,12.12,2048,12.13,12.08,12.08,,2572.0
2018-07-09 15:00,,12.13,2048,12.14,12.1,12.11,,5652.0
2018-07-10 10:00,,12.15,2048,12.18,12.07,12.14,,5470.0
2018-07-10 10:30,,12.17,2048,12.21,12.16,12.16,,4117.0
2018-07-10 11:00,,12.11,2048,12.17,12.11,12.16,,3337.0
2018-07-10 11:30,,12.12,2048,12.13,12.06,12.11,,4916.0
2018-07-10 13:30,,12.02,2048,12.12,12.01,12.12,,3028.0
2018-07-10 14:00,,12.04,2048,12.07,12.01,12.01,,2048.0
2018-07-10 14:30,,12.08,2048,12.09,12.02,12.04,,2791.0
2018-07-10 15:00,,12.12,2048,12.13,12.05,12.08,,4008.0
2018-07-11 10:00,,11.83,2048,11.98,11.76,11.93,,8044.0
2018-07-11 10:30,,11.91,2048,11.91,11.83,11.83,,2824.0
2018-07-11 11:00,,11.84,2048,11.91,11.82,11.91,,3115.0
2018-07-11 11:30,,11.82,2048,11.87,11.78,11.84,,2654.0
2018-07-11 13:30,,11.84,2048,11.84,11.76,11.82,,1644.0
2018-07-11 14:00,,11.78,2048,11.84,11.77,11.84,,2832.0
2018-07-11 14:30,,11.89,2048,11.91,11.75,11.78,,5874.0
2018-07-11 15:00,,11.9,2048,11.91,11.85,11.89,,4985.0
2018-07-12 10:00,,11.9,2048,11.93,11.72,11.78,,10129.0
2018-07-12 10:30,,11.93,2048,11.95,11.9,11.9,,4588.0
2018-07-12 11:00,,11.96,2048,11.96,11.91,11.93,,3560.0
2018-07-12 11:30,,11.97,2048,11.98,11.95,11.96,,3105.0
2018-07-12 13:30,,12.11,2048,12.11,11.97,11.97,,11543.0
2018-07-12 14:00,,12.12,2048,12.17,12.08,12.11,,6976.0
2018-07-12 14:30,,12.12,2048,12.14,12.1,12.12,,3937.0
2018-07-12 15:00,,12.13,2048,12.15,12.11,12.12,,6153.0
2018-07-13 10:00,,12.11,2048,12.24,12.08,12.14,,7013.0
2018-07-13 10:30,,12.03,2048,12.12,12.03,12.11,,3795.0
2018-07-13 11:00,,12.04,2048,12.06,12.01,12.03,,3835.0
2018-07-13 11:30,,12.07,2048,12.08,12.03,12.04,,921.0
2018-07-13 13:30,,12.1,2048,12.13,12.07,12.1,,3853.0
2018-07-13 14:00,,12.11,2048,12.17,12.09,12.1,,3295.0
2018-07-13 14:30,,12.16,2048,12.17,12.1,12.11,,3099.0
2018-07-13 15:00,,12.11,2048,12.17,12.1,12.16,,5283.0
2018-07-16 10:00,,12.02,2048,12.12,12.01,12.11,,4976.0
2018-07-16 10:30,,12.03,2048,12.05,12.02,12.04,,2305.0
2018-07-16 11:00,,11.99,2048,12.04,11.96,12.03,,3064.0
2018-07-16 11:30,,12.07,2048,12.09,11.98,11.99,,1963.0
2018-07-16 13:30,,12.04,2048,12.1,12.03,12.07,,1312.0
2018-07-16 14:00,,12.08,2048,12.08,12.04,12.04,,1437.0
2018-07-16 14:30,,12.02,2048,12.08,12.02,12.08,,1463.0
2018-07-16 15:00,,12.13,2048,12.14,12.02,12.02,,5112.0
2018-07-17 10:00,,12.04,2048,12.17,12.01,12.16,,5265.0
2018-07-17 10:30,,11.96,2048,12.05,11.96,12.03,,6278.0
2018-07-17 11:00,,11.99,2048,12.01,11.93,11.96,,3165.0
2018-07-17 11:30,,11.97,2048,11.99,11.96,11.99,,1569.0
2018-07-17 13:30,,11.97,2048,11.99,11.95,11.97,,1561.0
2018-07-17 14:00,,11.98,2048,11.98,11.95,11.97,,1931.0
2018-07-17 14:30,,12.05,2048,12.05,11.93,11.98,,3338.0
2018-07-17 15:00,,12.02,2048,12.05,12.02,12.04,,3553.0
2018-07-18 10:00,,12.1,2048,12.12,12.0,12.02,,7997.0
2018-07-18 10:30,,12.3,2048,12.31,12.08,12.1,,16752.0
2018-07-18 11:00,,12.42,2048,12.42,12.19,12.3,,12823.0
2018-07-18 11:30,,12.36,2048,12.42,12.29,12.42,,9665.0
2018-07-18 13:30,,12.33,2048,12.36,12.31,12.36,,3651.0
2018-07-18 14:00,,12.25,2048,12.35,12.23,12.33,,3246.0
2018-07-18 14:30,,12.24,2048,12.29,12.19,12.23,,4778.0
2018-07-18 15:00,,12.2,2048,12.25,12.19,12.23,,5060.0
2018-07-19 10:00,,12.14,2048,12.25,12.14,12.16,,4580.0
2018-07-19 10:30,,12.09,2048,12.15,12.06,12.14,,5898.0
2018-07-19 11:00,,12.13,2048,12.17,12.09,12.1,,2274.0
2018-07-19 11:30,,12.04,2048,12.16,12.03,12.13,,3744.0
2018-07-19 13:30,,12.08,2048,12.08,12.01,12.04,,2872.0
2018-07-19 14:00,,12.12,2048,12.15,12.05,12.08,,1756.0
2018-07-19 14:30,,12.13,2048,12.14,12.06,12.12,,1246.0
2018-07-19 15:00,,12.1,2048,12.13,12.05,12.13,,4836.0
2018-07-20 10:00,,12.04,2048,12.19,11.97,12.18,,4411.0
2018-07-20 10:30,,12.1,2048,12.1,12.01,12.04,,3072.0
2018-07-20 11:00,,12.13,2048,12.14,12.07,12.1,,2089.0
2018-07-20 11:30,,12.05,2048,12.13,12.05,12.13,,1554.0
2018-07-20 13:30,,12.14,2048,12.14,12.04,12.05,,2326.0
2018-07-20 14:00,,12.22,2048,12.25,12.12,12.14,,6405.0
2018-07-20 14:30,,12.22,2048,12.25,12.19,12.22,,5141.0
2018-07-20 15:00,,12.21,2048,12.24,12.18,12.22,,5148.0
2018-07-23 10:00,,12.25,2048,12.26,12.1,12.26,,4289.0
2018-07-23 10:30,,12.24,2048,12.31,12.24,12.25,,5958.0
2018-07-23 11:00,,12.24,2048,12.29,12.24,12.24,,2530.0
2018-07-23 11:30,,12.25,2048,12.28,12.23,12.24,,1763.0
2018-07-23 13:30,,12.17,2048,12.29,12.17,12.25,,5461.0
2018-07-23 14:00,,12.17,2048,12.2,12.1,12.17,,9667.0
2018-07-23 14:30,,12.27,2048,12.27,12.15,12.17,,3468.0
2018-07-23 15:00,,12.23,2048,12.27,12.2,12.27,,4812.0
2018-07-24 10:00,,12.48,2048,12.55,12.23,12.23,,17723.0
2018-07-24 10:30,,12.47,2048,12.54,12.44,12.48,,8330.0
2018-07-24 11:00,,12.47,2048,12.48,12.45,12.47,,3874.0
2018-07-24 11:30,,12.42,2048,12.49,12.39,12.47,,3751.0
2018-07-24 13:30,,12.47,2048,12.48,12.42,12.42,,5188.0
2018-07-24 14:00,,12.49,2048,12.5,12.46,12.47,,6125.0
2018-07-24 14:30,,12.49,2048,12.5,12.47,12.48,,4639.0
2018-07-24 15:00,,12.5,2048,12.53,12.48,12.49,,6225.0
2018-07-25 10:00,,12.44,2048,12.49,12.36,12.48,,6883.0
2018-07-25 10:30,,12.36,2048,12.45,12.35,12.44,,5800.0
2018-07-25 11:00,,12.42,2048,12.45,12.34,12.36,,2864.0
2018-07-25 11:30,,12.53,2048,12.55,12.4,12.42,,4188.0
2018-07-25 13:30,,12.51,2048,12.55,12.49,12.54,,4935.0
2018-07-25 14:00,,12.59,2048,12.61,12.48,12.51,,9152.0
2018-07-25 14:30,,12.57,2048,12.59,12.49,12.59,,7607.0
2018-07-25 15:00,,12.58,2048,12.63,12.56,12.57,,12381.0
2018-07-26 10:00,,12.42,2048,12.6,12.42,12.57,,6533.0
2018-07-26 10:30,,12.44,2048,12.48,12.41,12.42,,6146.0
2018-07-26 11:00,,12.48,2048,12.5,12.44,12.44,,3849.0
2018-07-26 11:30,,12.45,2048,12.5,12.44,12.48,,3558.0
2018-07-26 13:30,,12.39,2048,12.46,12.38,12.45,,8361.0
2018-07-26 14:00,,12.42,2048,12.45,12.39,12.39,,4686.0
2018-07-26 14:30,,12.39,2048,12.42,12.38,12.42,,3948.0
2018-07-26 15:00,,12.37,2048,12.4,12.36,12.39,,6358.0
2018-07-27 10:00,,12.47,2048,12.49,12.35,12.44,,10738.0
2018-07-27 10:30,,12.5,2048,12.55,12.4,12.47,,9585.0
2018-07-27 11:00,,12.46,2048,12.5,12.42,12.5,,3176.0
2018-07-27 11:30,,12.47,2048,12.49,12.45,12.46,,1609.0
2018-07-27 13:30,,12.42,2048,12.48,12.42,12.47,,2290.0
2018-07-27 14:00,,12.38,2048,12.43,12.36,12.42,,3192.0
2018-07-27 14:30,,12.29,2048,12.39,12.24,12.38,,7181.0
2018-07-27 15:00,,12.24,2048,12.29,12.21,12.29,,10807.0
2018-07-30 10:00,,12.15,2048,12.27,12.09,12.24,,12311.0
2018-07-30 10:30,,12.1,2048,12.15,12.1,12.15,,7819.0
2018-07-30 11:00,,12.06,2048,12.13,12.05,12.1,,7519.0
2018-07-30 11:30,,12.11,2048,12.11,12.05,12.06,,3657.0
2018-07-30 13:30,,12.25,2048,12.26,12.11,12.11,,6202.0
2018-07-30 14:00,,12.19,2048,12.27,12.17,12.25,,4170.0
2018-07-30 14:30,,12.23,2048,12.26,12.15,12.2,,5012.0
2018-07-30 15:00,,12.25,2048,12.26,12.18,12.23,,1854.0
2018-07-31 10:00,,12.15,2048,12.26,12.13,12.25,,3489.0
2018-07-31 10:30,,12.14,2048,12.15,12.08,12.15,,7954.0
2018-07-31 11:00,,12.2,2048,12.28,12.14,12.14,,2649.0
2018-07-31 11:30,,12.16,2048,12.21,12.15,12.2,,857.0
2018-07-31 13:30,,12.13,2048,12.16,12.11,12.16,,2562.0
2018-07-31 14:00,,12.22,2048,12.23,12.13,12.13,,3381.0
2018-07-31 14:30,,12.17,2048,12.23,12.15,12.22,,2778.0
2018-07-31 15:00,,12.17,2048,12.19,12.1,12.17,,4863.0
2018-08-01 10:00,,12.22,2048,12.22,12.14,12.16,,5554.0
2018-08-01 10:30,,12.15,2048,12.23,12.14,12.22,,4257.0
2018-08-01 11:00,,12.08,2048,12.15,12.07,12.15,,7239.0
2018-08-01 11:30,,12.1,2048,12.11,12.06,12.08,,7207.0
2018-08-01 13:30,,12.02,2048,12.12,12.01,12.1,,8119.0
2018-08-01 14:00,,12.03,2048,12.07,12.02,12.02,,3128.0
2018-08-01 14:30,,11.91,2048,12.04,11.88,12.03,,8528.0
2018-08-01 15:00,,11.88,2048,11.94,11.87,11.91,,7308.0
2018-08-02 10:00,,11.63,2048,11.85,11.62,11.85,,7859.0
2018-08-02 10:30,,11.59,2048,11.65,11.52,11.64,,6491.0
2018-08-02 11:00,,11.57,2048,11.6,11.42,11.59,,6208.0
2018-08-02 11:30,,11.46,2048,11.6,11.45,11.57,,3558.0
2018-08-02 13:30,,11.42,2048,11.49,11.38,11.46,,5610.0
2018-08-02 14:00,,11.53,2048,11.54,11.37,11.42,,3763.0
2018-08-02 14:30,,11.59,2048,11.59,11.45,11.53,,2903.0
2018-08-02 15:00,,11.59,2048,11.6,11.5,11.59,,4145.0
2018-08-03 10:00,,11.59,2048,11.65,11.53,11.61,,4329.0
2018-08-03 10:30,,11.43,2048,11.59,11.41,11.59,,4130.0
2018-08-03 11:00,,11.4,2048,11.43,11.33,11.43,,5124.0
2018-08-03 11:30,,11.46,2048,11.52,11.4,11.4,,2533.0
2018-08-03 13:30,,11.41,2048,11.46,11.39,11.46,,2672.0
2018-08-03 14:00,,11.39,2048,11.44,11.37,11.41,,1945.0
2018-08-03 14:30,,11.41,2048,11.41,11.35,11.39,,2986.0
2018-08-03 15:00,,11.17,2048,11.41,11.17,11.41,,12438.0
2018-08-06 10:00,,11.25,2048,11.26,11.03,11.15,,5288.0
2018-08-06 10:30,,11.23,2048,11.26,11.2,11.25,,945.0
2018-08-06 11:00,,11.19,2048,11.25,11.15,11.23,,2218.0
2018-08-06 11:30,,11.1,2048,11.23,11.1,11.19,,2671.0
2018-08-06 13:30,,11.19,2048,11.21,11.05,11.1,,2724.0
2018-08-06 14:00,,11.15,2048,11.2,11.1,11.19,,1834.0
2018-08-06 14:30,,11.06,2048,11.15,11.03,11.15,,2488.0
2018-08-06 15:00,,11.1,2048,11.17,10.93,11.06,,5028.0
2018-08-07 10:00,,11.14,2048,11.27,11.12,11.12,,3757.0
2018-08-07 10:30,,11.19,2048,11.19,11.11,11.14,,2721.0
2018-08-07 11:00,,11.23,2048,11.24,11.19,11.19,,2693.0
2018-08-07 11:30,,11.24,2048,11.28,11.23,11.23,,2252.0
2018-08-07 13:30,,11.25,2048,11.3,11.24,11.24,,1717.0
2018-08-07 14:00,,11.26,2048,11.28,11.24,11.25,,1154.0
2018-08-07 14:30,,11.29,2048,11.29,11.24,11.26,,3816.0
2018-08-07 15:00,,11.36,2048,11.38,11.27,11.29,,4864.0
2018-08-08 10:00,,11.28,2048,11.42,11.28,11.36,,3613.0
2018-08-08 10:30,,11.3,2048,11.35,11.24,11.28,,3388.0
2018-08-08 11:00,,11.29,2048,11.39,11.24,11.3,,2988.0
2018-08-08 11:30,,11.29,2048,11.39,11.26,11.29,,1949.0
2018-08-08 13:30,,11.23,2048,11.31,11.22,11.29,,1994.0
2018-08-08 14:00,,11.21,2048,11.27,11.21,11.23,,1905.0
2018-08-08 14:30,,11.17,2048,11.22,11.13,11.21,,3006.0
2018-08-08 15:00,,11.05,2048,11.18,11.05,11.17,,5098.0
2018-08-09 10:00,,11.15,2048,11.16,11.02,11.05,,4366.0
2018-08-09 10:30,,11.26,2048,11.29,11.13,11.15,,4557.0
2018-08-09 11:00,,11.32,2048,11.34,11.23,11.26,,5207.0
2018-08-09 11:30,,11.32,2048,11.33,11.29,11.32,,1913.0
2018-08-09 13:30,,11.32,2048,11.34,11.27,11.32,,4414.0
2018-08-09 14:00,,11.33,2048,11.35,11.29,11.32,,3610.0
2018-08-09 14:30,,11.34,2048,11.38,11.32,11.33,,2880.0
2018-08-09 15:00,,11.31,2048,11.36,11.31,11.34,,5352.0
2018-08-10 10:00,,11.38,2048,11.42,11.27,11.28,,3834.0
2018-08-10 10:30,,11.44,2048,11.47,11.36,11.38,,6051.0
2018-08-10 11:00,,11.44,2048,11.45,11.39,11.44,,1829.0
2018-08-10 11:30,,11.37,2048,11.44,11.36,11.44,,1951.0
2018-08-10 13:30,,11.33,2048,11.37,11.33,11.37,,1326.0
2018-08-10 14:00,,11.35,2048,11.36,11.31,11.33,,1315.0
2018-08-10 14:30,,11.37,2048,11.39,11.31,11.35,,1816.0
2018-08-10 15:00,,11.4,2048,11.43,11.37,11.37,,2874.0
2018-08-13 10:00,,11.23,2048,11.33,11.22,11.3,,4792.0
2018-08-13 10:30,,11.31,2048,11.33,11.23,11.23,,1232.0
2018-08-13 11:00,,11.16,2048,11.31,11.15,11.31,,2475.0
2018-08-13 11:30,,11.2,2048,11.3,11.15,11.16,,1781.0
2018-08-13 13:30,,11.2,2048,11.24,11.16,11.2,,1956.0
2018-08-13 14:00,,11.22,2048,11.27,11.18,11.2,,1610.0
2018-08-13 14:30,,11.35,2048,11.35,11.22,11.22,,4929.0
2018-08-13 15:00,,11.4,2048,11.4,11.34,11.35,,2922.0
2018-08-14 10:00,,11.25,2048,11.43,10.5,11.38,,7464.0
2018-08-14 10:30,,11.32,2048,11.35,11.2,11.25,,3085.0
2018-08-14 11:00,,11.22,2048,11.32,11.22,11.32,,2106.0
2018-08-14 11:30,,11.2,2048,11.25,11.19,11.22,,1522.0
2018-08-14 13:30,,11.21,2048,11.25,11.18,11.2,,2107.0
2018-08-14 14:00,,11.63,2048,11.76,11.21,11.21,,14087.0
2018-08-14 14:30,,11.58,2048,11.65,11.55,11.63,,7919.0
2018-08-14 15:00,,11.63,2048,11.65,11.57,11.58,,11088.0
2018-08-15 10:00,,11.51,2048,11.62,11.5,11.62,,7168.0
2018-08-15 10:30,,11.46,2048,11.53,11.44,11.51,,3132.0
2018-08-15 11:00,,11.46,2048,11.5,11.45,11.46,,2917.0
2018-08-15 11:30,,11.4,2048,11.48,11.38,11.46,,4136.0
2018-08-15 13:30,,11.41,2048,11.44,11.32,11.4,,2852.0
2018-08-15 14:00,,11.41,2048,11.44,11.34,11.41,,2124.0
2018-08-15 14:30,,11.44,2048,11.45,11.37,11.42,,2123.0
2018-08-15 15:00,,11.34,2048,11.44,11.32,11.44,,4038.0
2018-08-16 10:00,,11.29,2048,11.3,11.13,11.3,,5757.0
2018-08-16 10:30,,11.34,2048,11.43,11.29,11.29,,3291.0
2018-08-16 11:00,,11.31,2048,11.39,11.29,11.34,,1474.0
2018-08-16 11:30,,11.25,2048,11.33,11.22,11.31,,1348.0
2018-08-16 13:30,,11.35,2048,11.4,11.25,11.25,,2764.0
2018-08-16 14:00,,11.32,2048,11.41,11.28,11.35,,1131.0
2018-08-16 14:30,,11.25,2048,11.32,11.22,11.32,,1861.0
2018-08-16 15:00,,11.26,2048,11.26,11.16,11.25,,3593.0
2018-08-17 10:00,,11.26,2048,11.35,11.26,11.32,,2753.0
2018-08-17 10:30,,11.22,2048,11.28,11.22,11.26,,1853.0
2018-08-17 11:00,,11.21,2048,11.26,11.17,11.22,,2113.0
2018-08-17 11:30,,11.18,2048,11.23,11.18,11.21,,1574.0
2018-08-17 13:30,,11.09,2048,11.18,11.07,11.18,,4360.0
2018-08-17 14:00,,11.17,2048,11.18,11.05,11.09,,1858.0
2018-08-17 14:30,,11.09,2048,11.17,11.05,11.17,,3160.0
2018-08-17 15:00,,11.01,2048,11.1,11.0,11.09,,6507.0
2018-08-20 10:00,,10.96,2048,11.11,10.9,10.91,,3758.0
2018-08-20 10:30,,11.03,2048,11.05,10.96,10.96,,1166.0
2018-08-20 11:00,,10.97,2048,11.04,10.97,11.03,,1665.0
2018-08-20 11:30,,11.02,2048,11.04,10.93,10.97,,2954.0
2018-08-20 13:30,,10.96,2048,11.03,10.94,11.02,,1255.0
2018-08-20 14:00,,10.92,2048,10.96,10.85,10.96,,2342.0
2018-08-20 14:30,,10.98,2048,11.02,10.88,10.92,,4186.0
2018-08-20 15:00,,11.03,2048,11.04,10.97,10.98,,2434.0
2018-08-21 10:00,,11.12,2048,11.16,10.9,11.16,,3671.0
2018-08-21 10:30,,11.11,2048,11.13,11.07,11.12,,2639.0
2018-08-21 11:00,,11.18,2048,11.2,11.11,11.11,,3779.0
2018-08-21 11:30,,11.18,2048,11.23,11.15,11.18,,2085.0
2018-08-21 13:30,,11.18,2048,11.2,11.14,11.18,,1933.0
2018-08-21 14:00,,11.17,2048,11.2,11.16,11.18,,2587.0
2018-08-21 14:30,,11.16,2048,11.2,11.15,11.17,,1902.0
2018-08-21 15:00,,11.18,2048,11.18,11.15,11.16,,2256.0
2018-08-22 10:00,,11.16,2048,11.23,11.14,11.18,,6548.0
2018-08-22 10:30,,11.2,2048,11.21,11.16,11.16,,3559.0
2018-08-22 11:00,,11.14,2048,11.21,11.12,11.2,,2030.0
2018-08-22 11:30,,11.14,2048,11.18,11.14,11.14,,813.0
2018-08-22 13:30,,11.17,2048,11.18,11.12,11.14,,1153.0
2018-08-22 14:00,,11.09,2048,11.18,11.08,11.17,,1764.0
2018-08-22 14:30,,11.1,2048,11.15,11.09,11.1,,1556.0
2018-08-22 15:00,,11.05,2048,11.11,11.02,11.1,,2369.0
2018-08-23 10:00,,11.16,2048,11.24,11.1,11.14,,2024.0
2018-08-23 10:30,,11.21,2048,11.26,11.16,11.16,,3520.0
2018-08-23 11:00,,11.17,2048,11.21,11.11,11.21,,1006.0
2018-08-23 11:30,,11.1,2048,11.17,11.08,11.17,,1893.0
2018-08-23 13:30,,11.12,2048,11.13,11.08,11.1,,2598.0
2018-08-23 14:00,,11.1,2048,11.13,11.08,11.12,,3708.0
2018-08-23 14:30,,11.09,2048,11.12,11.06,11.1,,4828.0
2018-08-23 15:00,,11.05,2048,11.09,10.97,11.09,,9021.0
2018-08-24 10:00,,11.0,2048,11.07,10.95,11.01,,2772.0
2018-08-24 10:30,,11.02,2048,11.06,10.98,11.0,,1855.0
2018-08-24 11:00,,10.95,2048,11.02,10.91,11.02,,3214.0
2018-08-24 11:30,,10.93,2048,10.98,10.92,10.95,,2044.0
2018-08-24 13:30,,10.95,2048,10.98,10.91,10.93,,2749.0
2018-08-24 14:00,,10.94,2048,10.99,10.94,10.95,,3534.0
2018-08-24 14:30,,10.79,2048,10.96,10.75,10.94,,9776.0
2018-08-24 15:00,,10.68,2048,10.8,10.68,10.79,,13412.0
2018-08-27 10:00,,10.79,2048,10.86,10.7,10.7,,7071.0
2018-08-27 10:30,,10.88,2048,10.88,10.78,10.79,,7777.0
2018-08-27 11:00,,10.88,2048,10.89,10.82,10.88,,4680.0
2018-08-27 11:30,,10.99,2048,11.0,10.85,10.88,,6029.0
2018-08-27 13:30,,10.92,2048,11.0,10.91,10.99,,6227.0
2018-08-27 14:00,,10.9,2048,10.94,10.88,10.92,,7115.0
2018-08-27 14:30,,10.87,2048,10.93,10.84,10.9,,9507.0
2018-08-27 15:00,,10.94,2048,10.95,10.86,10.87,,7891.0
2018-08-28 10:00,,11.31,2048,11.48,11.21,11.21,,25673.0
2018-08-28 10:30,,11.33,2048,11.35,11.25,11.31,,9555.0
2018-08-28 11:00,,11.28,2048,11.34,11.26,11.32,,3608.0
2018-08-28 11:30,,11.25,2048,11.29,11.22,11.28,,2885.0
2018-08-28 13:30,,11.28,2048,11.29,11.24,11.25,,2679.0
2018-08-28 14:00,,11.31,2048,11.36,11.27,11.28,,5135.0
2018-08-28 14:30,,11.31,2048,11.34,11.28,11.31,,3579.0
2018-08-28 15:00,,11.37,2048,11.39,11.3,11.31,,8838.0
2018-08-29 10:00,,11.27,2048,11.45,11.27,11.45,,8298.0
2018-08-29 10:30,,11.31,2048,11.31,11.27,11.27,,5764.0
2018-08-29 11:00,,11.27,2048,11.31,11.23,11.31,,3907.0
2018-08-29 11:30,,11.28,2048,11.28,11.26,11.27,,1161.0
2018-08-29 13:30,,11.28,2048,11.29,11.25,11.28,,2829.0
2018-08-29 14:00,,11.23,2048,11.29,11.23,11.28,,3125.0
2018-08-29 14:30,,11.23,2048,11.26,11.18,11.23,,4699.0
2018-08-29 15:00,,11.26,2048,11.28,11.22,11.22,,4116.0
2018-08-30 10:00,,11.22,2048,11.28,11.13,11.17,,5714.0
2018-08-30 10:30,,11.17,2048,11.26,11.17,11.22,,2749.0
2018-08-30 11:00,,11.2,2048,11.26,11.15,11.17,,3296.0
2018-08-30 11:30,,11.22,2048,11.25,11.17,11.2,,1323.0
2018-08-30 13:30,,11.14,2048,11.22,11.13,11.22,,4251.0
2018-08-30 14:00,,11.16,2048,11.17,11.13,11.14,,4188.0
2018-08-30 14:30,,11.19,2048,11.2,11.14,11.16,,2473.0
2018-08-30 15:00,,11.14,2048,11.21,11.07,11.19,,7402.0
2018-08-31 10:00,,11.06,2048,11.18,11.06,11.18,,5862.0
2018-08-31 10:30,,11.05,2048,11.16,11.0,11.06,,4899.0
2018-08-31 11:00,,11.06,2048,11.1,11.02,11.05,,3199.0
2018-08-31 11:30,,11.06,2048,11.14,11.04,11.06,,4708.0
2018-08-31 13:30,,11.09,2048,11.1,11.06,11.06,,2466.0
2018-08-31 14:00,,11.04,2048,11.12,11.02,11.09,,3391.0
2018-08-31 14:30,,11.02,2048,11.06,10.98,11.04,,5786.0
2018-08-31 15:00,,10.94,2048,11.02,10.9,11.02,,6193.0
2018-09-03 10:00,,10.86,2048,10.96,10.83,10.9,,4983.0
2018-09-03 10:30,,10.88,2048,10.94,10.85,10.86,,3459.0
2018-09-03 11:00,,10.94,2048,10.99,10.87,10.88,,1942.0
2018-09-03 11:30,,10.92,2048,10.97,10.89,10.93,,1654.0
2018-09-03 13:30,,10.94,2048,10.97,10.92,10.92,,1316.0
2018-09-03 14:00,,11.01,2048,11.05,10.93,10.94,,2866.0
2018-09-03 14:30,,11.12,2048,11.15,10.99,11.01,,3664.0
2018-09-03 15:00,,11.1,2048,11.13,11.07,11.12,,4052.0
2018-09-04 10:00,,11.09,2048,11.19,11.01,11.19,,3012.0
2018-09-04 10:30,,11.14,2048,11.14,11.08,11.09,,1273.0
2018-09-04 11:00,,11.05,2048,11.15,11.05,11.14,,1875.0
2018-09-04 11:30,,11.09,2048,11.1,11.02,11.05,,1722.0
2018-09-04 13:30,,11.13,2048,11.13,11.06,11.09,,1347.0
2018-09-04 14:00,,11.15,2048,11.16,11.11,11.13,,2812.0
2018-09-04 14:30,,11.22,2048,11.22,11.14,11.16,,4973.0
2018-09-04 15:00,,11.24,2048,11.27,11.2,11.22,,7040.0
2018-09-05 10:00,,11.21,2048,11.24,11.11,11.22,,3160.0
2018-09-05 10:30,,11.21,2048,11.23,11.15,11.21,,3438.0
2018-09-05 11:00,,11.13,2048,11.21,11.09,11.21,,4354.0
2018-09-05 11:30,,11.12,2048,11.15,11.09,11.13,,1658.0
2018-09-05 13:30,,11.12,2048,11.14,11.09,11.12,,1169.0
2018-09-05 14:00,,11.09,2048,11.15,11.09,11.12,,1787.0
2018-09-05 14:30,,11.05,2048,11.11,11.04,11.09,,2715.0
2018-09-05 15:00,,10.96,2048,11.08,10.96,11.05,,5508.0
2018-09-06 10:00,,10.95,2048,10.98,10.9,10.96,,5440.0
2018-09-06 10:30,,11.06,2048,11.08,10.95,10.95,,7212.0
2018-09-06 11:00,,11.01,2048,11.07,11.0,11.06,,1703.0
2018-09-06 11:30,,11.01,2048,11.02,10.98,11.0,,766.0
2018-09-06 13:30,,10.91,2048,11.01,10.86,11.01,,4958.0
2018-09-06 14:00,,10.89,2048,10.95,10.87,10.91,,2012.0
2018-09-06 14:30,,10.95,2048,10.95,10.88,10.91,,2236.0
2018-09-06 15:00,,10.88,2048,10.99,10.88,10.95,,3689.0
2018-09-07 10:00,,11.03,2048,11.04,10.9,10.9,,3362.0
2018-09-07 10:30,,11.0,2048,11.05,11.0,11.03,,2374.0
2018-09-07 11:00,,11.0,2048,11.02,10.96,11.0,,1756.0
2018-09-07 11:30,,10.87,2048,11.0,10.87,11.0,,1522.0
2018-09-07 13:30,,10.89,2048,10.91,10.81,10.87,,2821.0
2018-09-07 14:00,,10.84,2048,10.91,10.83,10.89,,2378.0
2018-09-07 14:30,,10.84,2048,10.89,10.79,10.84,,4415.0
2018-09-07 15:00,,10.88,2048,10.89,10.82,10.84,,2171.0
2018-09-10 10:00,,10.8,2048,10.9,10.75,10.81,,4217.0
2018-09-10 10:30,,10.76,2048,10.82,10.76,10.8,,2277.0
2018-09-10 11:00,,10.8,2048,10.83,10.75,10.76,,1482.0
2018-09-10 11:30,,10.8,2048,10.82,10.77,10.8,,805.0
2018-09-10 13:30,,10.82,2048,10.83,10.78,10.8,,999.0
2018-09-10 14:00,,10.8,2048,10.83,10.77,10.82,,1602.0
2018-09-10 14:30,,10.73,2048,10.84,10.69,10.8,,6049.0
2018-09-10 15:00,,10.76,2048,10.79,10.73,10.73,,5025.0
2018-09-11 10:00,,10.77,2048,10.84,10.74,10.79,,2214.0
2018-09-11 10:30,,10.72,2048,10.79,10.7,10.77,,4208.0
2018-09-11 11:00,,10.77,2048,10.79,10.72,10.72,,1272.0
2018-09-11 11:30,,10.83,2048,10.88,10.75,10.76,,2738.0
2018-09-11 13:30,,10.81,2048,10.84,10.78,10.83,,1168.0
2018-09-11 14:00,,10.82,2048,10.83,10.78,10.81,,965.0
2018-09-11 14:30,,10.81,2048,10.83,10.8,10.82,,3283.0
2018-09-11 15:00,,10.77,2048,10.84,10.75,10.81,,3318.0
2018-09-12 10:00,,10.82,2048,10.87,10.76,10.8,,3063.0
2018-09-12 10:30,,10.93,2048,10.96,10.78,10.82,,4316.0
2018-09-12 11:00,,11.03,2048,11.06,10.92,10.93,,7022.0
2018-09-12 11:30,,11.02,2048,11.05,11.0,11.03,,2195.0
2018-09-12 13:30,,11.01,2048,11.03,11.0,11.02,,1248.0
2018-09-12 14:00,,11.02,2048,11.06,11.01,11.01,,1851.0
2018-09-12 14:30,,11.01,2048,11.03,11.0,11.02,,3278.0
2018-09-12 15:00,,11.06,2048,11.06,11.0,11.01,,3797.0
2018-09-13 10:00,,11.08,2048,11.15,11.03,11.07,,3940.0
2018-09-13 10:30,,11.03,2048,11.08,11.02,11.08,,1469.0
2018-09-13 11:00,,10.97,2048,11.03,10.95,11.03,,2195.0
2018-09-13 11:30,,10.98,2048,11.0,10.95,10.97,,803.0
2018-09-13 13:30,,10.97,2048,10.99,10.96,10.98,,757.0
2018-09-13 14:00,,11.04,2048,11.04,10.97,10.97,,1513.0
2018-09-13 14:30,,11.07,2048,11.1,11.03,11.04,,2601.0
2018-09-13 15:00,,11.09,2048,11.11,11.05,11.07,,3909.0
2018-09-14 10:00,,11.27,2048,11.32,11.09,11.11,,13400.0
2018-09-14 10:30,,11.18,2048,11.3,11.17,11.27,,5201.0
2018-09-14 11:00,,11.17,2048,11.21,11.17,11.18,,2117.0
2018-09-14 11:30,,11.16,2048,11.2,11.14,11.17,,1881.0
2018-09-14 13:30,,11.12,2048,11.16,11.12,11.16,,1220.0
2018-09-14 14:00,,11.14,2048,11.16,11.12,11.12,,1273.0
2018-09-14 14:30,,11.09,2048,11.15,11.06,11.14,,3437.0
2018-09-14 15:00,,11.08,2048,11.13,11.06,11.09,,3388.0
2018-09-17 10:00,,10.86,2048,11.0,10.64,11.0,,7600.0
2018-09-17 10:30,,10.88,2048,10.89,10.85,10.86,,1188.0
2018-09-17 11:00,,10.9,2048,10.95,10.86,10.88,,1795.0
2018-09-17 11:30,,10.85,2048,10.94,10.82,10.9,,3336.0
2018-09-17 13:30,,10.86,2048,10.9,10.85,10.85,,2028.0
2018-09-17 14:00,,10.93,2048,10.93,10.82,10.86,,1570.0
2018-09-17 14:30,,10.98,2048,10.98,10.87,10.93,,1153.0
2018-09-17 15:00,,10.87,2048,10.99,10.86,10.98,,2294.0
2018-09-18 10:00,,10.95,2048,10.96,10.8,10.83,,2913.0
2018-09-18 10:30,,10.98,2048,11.05,10.95,10.95,,2869.0
2018-09-18 11:00,,10.99,2048,11.01,10.94,10.98,,1610.0
2018-09-18 11:30,,10.96,2048,10.99,10.92,10.99,,672.0
2018-09-18 13:30,,10.97,2048,10.99,10.94,10.96,,1270.0
2018-09-18 14:00,,10.98,2048,11.0,10.94,10.98,,2697.0
2018-09-18 14:30,,11.03,2048,11.07,10.97,10.98,,5110.0
2018-09-18 15:00,,11.09,2048,11.09,11.02,11.03,,5638.0
2018-09-19 10:00,,11.08,2048,11.15,11.0,11.07,,3061.0
2018-09-19 10:30,,11.14,2048,11.15,11.08,11.08,,3135.0
2018-09-19 11:00,,11.16,2048,11.18,11.12,11.14,,3583.0
2018-09-19 11:30,,11.19,2048,11.22,11.15,11.16,,4918.0
2018-09-19 13:30,,11.22,2048,11.22,11.18,11.19,,2793.0
2018-09-19 14:00,,11.23,2048,11.27,11.21,11.23,,3791.0
2018-09-19 14:30,,11.22,2048,11.24,11.18,11.23,,2678.0
2018-09-19 15:00,,11.16,2048,11.23,11.15,11.22,,4666.0
2018-09-20 10:00,,11.22,2048,11.23,11.14,11.15,,4263.0
2018-09-20 10:30,,11.16,2048,11.23,11.15,11.22,,3702.0
2018-09-20 11:00,,11.15,2048,11.18,11.14,11.16,,1945.0
2018-09-20 11:30,,11.1,2048,11.18,11.08,11.15,,2188.0
2018-09-20 13:30,,11.11,2048,11.16,11.1,11.1,,1607.0
2018-09-20 14:00,,11.13,2048,11.15,11.11,11.11,,1552.0
2018-09-20 14:30,,11.09,2048,11.13,11.08,11.13,,3428.0
2018-09-20 15:00,,11.11,2048,11.14,11.09,11.09,,3034.0
2018-09-21 10:00,,11.14,2048,11.21,11.13,11.13,,3538.0
2018-09-21 10:30,,11.12,2048,11.16,11.11,11.14,,2447.0
2018-09-21 11:00,,11.22,2048,11.22,11.1,11.12,,4349.0
2018-09-21 11:30,,11.37,2048,11.43,11.19,11.22,,16822.0
2018-09-21 13:30,,11.39,2048,11.41,11.36,11.37,,6503.0
2018-09-21 14:00,,11.37,2048,11.39,11.33,11.39,,5838.0
2018-09-21 14:30,,11.41,2048,11.41,11.34,11.37,,7834.0
2018-09-21 15:00,,11.38,2048,11.41,11.35,11.41,,8017.0
2018-09-25 10:00,,11.36,2048,11.45,11.25,11.3,,7057.0
2018-09-25 10:30,,11.38,2048,11.44,11.36,11.36,,5215.0
2018-09-25 11:00,,11.35,2048,11.39,11.29,11.38,,3872.0
2018-09-25 11:30,,11.34,2048,11.35,11.3,11.35,,1443.0
2018-09-25 13:30,,11.32,2048,11.37,11.31,11.34,,1055.0
2018-09-25 14:00,,11.32,2048,11.34,11.29,11.32,,2523.0
2018-09-25 14:30,,11.34,2048,11.35,11.29,11.32,,2453.0
2018-09-25 15:00,,11.38,2048,11.41,11.33,11.34,,3979.0
2018-09-26 10:00,,11.34,2048,11.45,11.3,11.41,,3839.0
2018-09-26 10:30,,11.37,2048,11.41,11.33,11.34,,3625.0
2018-09-26 11:00,,11.46,2048,11.46,11.37,11.37,,7347.0
2018-09-26 11:30,,11.37,2048,11.46,11.36,11.46,,4732.0
2018-09-26 13:30,,11.42,2048,11.43,11.34,11.37,,3194.0
2018-09-26 14:00,,11.38,2048,11.43,11.36,11.42,,3019.0
2018-09-26 14:30,,11.35,2048,11.39,11.34,11.38,,2807.0
2018-09-26 15:00,,11.36,2048,11.37,11.34,11.35,,2201.0
2018-09-27 10:00,,11.35,2048,11.41,11.35,11.39,,4371.0
2018-09-27 10:30,,11.4,2048,11.41,11.32,11.35,,5147.0
2018-09-27 11:00,,11.37,2048,11.42,11.34,11.4,,3626.0
2018-09-27 11:30,,11.35,2048,11.39,11.34,11.37,,1309.0
2018-09-27 13:30,,11.32,2048,11.36,11.3,11.35,,1992.0
2018-09-27 14:00,,11.25,2048,11.32,11.23,11.32,,4322.0
2018-09-27 14:30,,11.24,2048,11.29,11.22,11.25,,4270.0
2018-09-27 15:00,,11.21,2048,11.24,11.17,11.24,,5896.0
2018-09-28 10:00,,11.27,2048,11.3,11.22,11.25,,2863.0
2018-09-28 10:30,,11.29,2048,11.3,11.23,11.27,,3653.0
2018-09-28 11:00,,11.3,2048,11.33,11.26,11.29,,2549.0
2018-09-28 11:30,,11.27,2048,11.32,11.24,11.32,,2096.0
2018-09-28 13:30,,11.27,2048,11.29,11.21,11.27,,2786.0
2018-09-28 14:00,,11.3,2048,11.3,11.26,11.27,,2307.0
2018-09-28 14:30,,11.26,2048,11.3,11.23,11.3,,2616.0
2018-09-28 14:30,{},11.26,2048,11.3,11.23,11.3,4.9354,2616.0
2018-09-28 15:00,,11.3,2048,11.3,11.25,11.26,,4675.0
2018-09-28 15:00,{},11.3,2048,11.3,11.25,11.26,8.82,4675.0
2018-10-08 10:00,{},11.06,2048,11.16,11.06,11.15,14.0874,7467.0
2018-10-08 10:00,,11.06,2048,11.16,11.06,11.15,,7467.0
2018-10-08 10:30,,11.0,2048,11.09,11.0,11.06,,5418.0
2018-10-08 10:30,{},11.0,2048,11.09,11.0,11.06,10.2217,5418.0
2018-10-08 11:00,{},11.0,2048,11.05,10.97,11.0,6.3862,3385.0
2018-10-08 11:00,,11.0,2048,11.05,10.97,11.0,,3385.0
2018-10-08 11:30,,11.0,2048,11.06,10.98,11.0,,2853.0
2018-10-08 11:30,{},11.0,2048,11.06,10.98,11.0,5.3825,2853.0
2018-10-08 13:30,{},10.99,2048,11.02,10.98,11.0,3.7468,1986.0
2018-10-08 13:30,,10.99,2048,11.02,10.98,11.0,,1986.0
2018-10-08 14:00,,10.96,2048,11.0,10.95,10.99,,2240.0
2018-10-08 14:00,{},10.96,2048,11.0,10.95,10.99,4.226,2240.0
2018-10-08 14:30,,10.88,2048,10.95,10.86,10.95,,5576.0
2018-10-08 14:30,{},10.88,2048,10.95,10.86,10.95,10.5198,5576.0
2018-10-08 15:00,{},10.9,2048,10.9,10.83,10.88,9.0633,4804.0
2018-10-08 15:00,,10.9,2048,10.9,10.83,10.88,,4804.0
2018-10-09 10:00,{},11.03,2048,11.11,10.92,11.11,6.3617,3372.0
2018-10-09 10:00,,11.03,2048,11.11,10.92,11.11,,3372.0
2018-10-09 10:30,{},10.99,2048,11.06,10.96,11.03,3.1148,1651.0
2018-10-09 10:30,,10.99,2048,11.06,10.96,11.03,,1651.0
2018-10-09 11:00,{},10.92,2048,11.0,10.91,10.99,3.8695,2051.0
2018-10-09 11:00,,10.92,2048,11.0,10.91,10.99,,2051.0
2018-10-09 11:30,{},10.97,2048,10.98,10.86,10.92,3.1997,1696.0
2018-10-09 11:30,,10.97,2048,10.98,10.86,10.92,,1696.0
2018-10-09 13:30,,10.95,2048,11.0,10.92,10.97,,788.0
2018-10-09 13:30,{},10.95,2048,11.0,10.92,10.97,1.4867,788.0
2018-10-09 14:00,{},10.97,2048,11.01,10.95,10.95,1.6942,898.0
2018-10-09 14:00,,10.97,2048,11.01,10.95,10.95,,898.0
2018-10-09 14:30,{},10.93,2048,10.98,10.91,10.98,2.7016,1432.0
2018-10-09 14:30,,10.93,2048,10.98,10.91,10.98,,1432.0
2018-10-09 15:00,{},10.95,2048,10.96,10.9,10.93,5.9297,3143.0
2018-10-09 15:00,,10.95,2048,10.96,10.9,10.93,,3143.0
2018-10-10 10:00,,10.99,2048,11.0,10.88,10.95,,3889.0
2018-10-10 10:00,{},10.99,2048,11.0,10.88,10.95,7.3371,3889.0
2018-10-10 10:30,{},10.91,2048,11.0,10.91,10.99,3.6582,1939.0
2018-10-10 10:30,,10.91,2048,11.0,10.91,10.99,,1939.0
2018-10-10 11:00,,10.84,2048,10.94,10.84,10.91,,3315.0
2018-10-10 11:00,{},10.84,2048,10.94,10.84,10.91,6.2542,3315.0
2018-10-10 11:30,{},10.89,2048,10.92,10.84,10.84,4.1393,2194.0
2018-10-10 11:30,,10.89,2048,10.92,10.84,10.84,,2194.0
2018-10-10 13:30,,10.89,2048,10.93,10.88,10.89,,2189.0
2018-10-10 13:30,{},10.89,2048,10.93,10.88,10.89,4.1298,2189.0
2018-10-10 14:00,,10.88,2048,10.9,10.87,10.89,,2204.0
2018-10-10 14:00,{},10.88,2048,10.9,10.87,10.89,4.1581,2204.0
2018-10-10 14:30,,10.89,2048,10.91,10.86,10.88,,2557.0
2018-10-10 14:30,{},10.89,2048,10.91,10.86,10.88,4.8241,2557.0
2018-10-10 15:00,{},10.88,2048,10.9,10.86,10.89,5.1524,2731.0
2018-10-10 15:00,,10.88,2048,10.9,10.86,10.89,,2731.0
2018-10-11 10:00,,10.57,2048,10.65,10.5,10.64,,10123.0
2018-10-11 10:00,{},10.57,2048,10.65,10.5,10.64,19.0983,10123.0
2018-10-11 10:30,{},10.48,2048,10.56,10.41,10.56,13.8308,7331.0
2018-10-11 10:30,,10.48,2048,10.56,10.41,10.56,,7331.0
2018-10-11 11:00,{},10.3,2048,10.49,10.29,10.48,12.7291,6747.0
2018-10-11 11:00,,10.3,2048,10.49,10.29,10.48,,6747.0
2018-10-11 11:30,{},10.09,2048,10.33,10.02,10.29,13.8478,7340.0
2018-10-11 11:30,,10.09,2048,10.33,10.02,10.29,,7340.0
2018-10-11 13:30,{},10.08,2048,10.09,10.02,10.09,6.6654,3533.0
2018-10-11 13:30,,10.08,2048,10.09,10.02,10.09,,3533.0
2018-10-11 14:00,,10.1,2048,10.14,10.04,10.08,,3095.0
2018-10-11 14:00,{},10.1,2048,10.14,10.04,10.08,5.8391,3095.0
2018-10-11 14:30,{},9.85,2048,10.11,9.8,10.1,17.7286,9397.0
2018-10-11 14:30,,9.85,2048,10.11,9.8,10.1,,9397.0
2018-10-11 15:00,{},9.88,2048,9.91,9.79,9.85,19.5285,10351.0
2018-10-11 15:00,,9.88,2048,9.91,9.79,9.85,,10351.0
2018-10-12 10:00,,9.85,2048,9.97,9.79,9.88,,5419.0
2018-10-12 10:00,{},9.85,2048,9.97,9.79,9.88,10.2236,5419.0
2018-10-12 10:30,{},9.7,2048,9.85,9.6,9.85,10.0802,5343.0
2018-10-12 10:30,,9.7,2048,9.85,9.6,9.85,,5343.0
2018-10-12 11:00,,9.58,2048,9.7,9.51,9.7,,6512.0
2018-10-12 11:00,{},9.58,2048,9.7,9.51,9.7,12.2857,6512.0
2018-10-12 11:30,,9.7,2048,9.74,9.55,9.58,,2329.0
2018-10-12 11:30,{},9.7,2048,9.74,9.55,9.58,4.3939,2329.0
2018-10-12 13:30,,9.81,2048,9.87,9.7,9.7,,4220.0
2018-10-12 13:30,{},9.81,2048,9.87,9.7,9.7,7.9616,4220.0
2018-10-12 14:00,,9.76,2048,9.85,9.7,9.81,,1551.0
2018-10-12 14:00,{},9.76,2048,9.85,9.7,9.81,2.9262,1551.0
2018-10-12 14:30,{},9.81,2048,9.83,9.73,9.76,4.0185,2130.0
2018-10-12 14:30,,9.81,2048,9.83,9.73,9.76,,2130.0
2018-10-12 15:00,{},9.62,2048,9.82,9.42,9.81,21.1811,11227.0
2018-10-12 15:00,,9.62,2048,9.82,9.42,9.81,,11227.0
2018-10-15 10:00,,9.71,2048,9.75,9.56,9.7,,7697.0
2018-10-15 10:00,{},9.71,2048,9.75,9.56,9.7,14.5213,7697.0
2018-10-15 10:30,{},9.64,2048,9.72,9.62,9.71,5.3901,2857.0
2018-10-15 10:30,,9.64,2048,9.72,9.62,9.71,,2857.0
2018-10-15 11:00,{},9.61,2048,9.69,9.59,9.64,4.4034,2334.0
2018-10-15 11:00,,9.61,2048,9.69,9.59,9.64,,2334.0
2018-10-15 11:30,{},9.6,2048,9.66,9.58,9.61,2.5111,1331.0
2018-10-15 11:30,,9.6,2048,9.66,9.58,9.61,,1331.0
2018-10-15 13:30,{},9.65,2048,9.67,9.6,9.6,2.5771,1366.0
2018-10-15 13:30,,9.65,2048,9.67,9.6,9.6,,1366.0
2018-10-15 14:00,,9.64,2048,9.69,9.64,9.65,,1297.0
2018-10-15 14:00,{},9.64,2048,9.69,9.64,9.65,2.447,1297.0
2018-10-15 14:30,,9.6,2048,9.65,9.57,9.64,,2684.0
2018-10-15 14:30,{},9.6,2048,9.65,9.57,9.64,5.0637,2684.0
2018-10-15 15:00,,9.57,2048,9.64,9.54,9.6,,3320.0
2018-10-15 15:00,{},9.57,2048,9.64,9.54,9.6,6.2636,3320.0
2018-10-16 10:00,,9.65,2048,9.67,9.52,9.57,,3544.0
2018-10-16 10:00,{},9.65,2048,9.67,9.52,9.57,6.6862,3544.0
2018-10-16 10:30,{},9.54,2048,9.65,9.53,9.65,4.7034,2493.0
2018-10-16 10:30,,9.54,2048,9.65,9.53,9.65,,2493.0
2018-10-16 11:00,,9.31,2048,9.54,9.31,9.54,,5049.0
2018-10-16 11:00,{},9.31,2048,9.54,9.31,9.54,9.5256,5049.0
2018-10-16 11:30,{},9.3,2048,9.36,9.22,9.31,11.3462,6014.0
2018-10-16 11:30,,9.3,2048,9.36,9.22,9.31,,6014.0
2018-10-16 13:30,,9.29,2048,9.37,9.28,9.3,,2283.0
2018-10-16 13:30,{},9.29,2048,9.37,9.28,9.3,4.3072,2283.0
2018-10-16 14:00,,9.23,2048,9.32,9.23,9.29,,4003.0
2018-10-16 14:00,{},9.23,2048,9.32,9.23,9.29,7.5522,4003.0
2018-10-16 14:30,,9.23,2048,9.29,9.18,9.23,,3162.0
2018-10-16 14:30,{},9.23,2048,9.29,9.18,9.23,5.9655,3162.0
2018-10-16 15:00,{},9.09,2048,9.26,9.03,9.23,20.4491,10839.0
2018-10-16 15:00,,9.09,2048,9.26,9.03,9.23,,10839.0
2018-10-17 10:00,,9.12,2048,9.29,9.12,9.24,,5485.0
2018-10-17 10:00,{},9.12,2048,9.29,9.12,9.24,10.3481,5485.0
2018-10-17 10:30,{},9.17,2048,9.19,9.09,9.12,6.5862,3491.0
2018-10-17 10:30,,9.17,2048,9.19,9.09,9.12,,3491.0
2018-10-17 11:00,{},9.19,2048,9.22,9.15,9.18,4.1959,2224.0
2018-10-17 11:00,,9.19,2048,9.22,9.15,9.18,,2224.0
2018-10-17 11:30,{},9.14,2048,9.2,9.1,9.19,4.226,2240.0
2018-10-17 11:30,,9.14,2048,9.2,9.1,9.19,,2240.0
2018-10-17 13:30,,9.1,2048,9.14,9.06,9.14,,3212.0
2018-10-17 13:30,{},9.1,2048,9.14,9.06,9.14,6.0598,3212.0
2018-10-17 14:00,,9.18,2048,9.22,9.07,9.1,,4358.0
2018-10-17 14:00,{},9.18,2048,9.22,9.07,9.1,8.2219,4358.0
2018-10-17 14:30,{},9.27,2048,9.3,9.16,9.18,6.7352,3570.0
2018-10-17 14:30,,9.27,2048,9.3,9.16,9.18,,3570.0
2018-10-17 15:00,,9.27,2048,9.31,9.23,9.28,,2774.0
2018-10-17 15:00,{},9.27,2048,9.31,9.23,9.28,5.2335,2774.0
2018-10-18 10:00,{},9.14,2048,9.26,9.1,9.26,10.3387,5480.0
2018-10-18 10:00,,9.14,2048,9.26,9.1,9.26,,5480.0
2018-10-18 10:30,{},9.18,2048,9.24,9.12,9.14,6.2881,3333.0
2018-10-18 10:30,,9.18,2048,9.24,9.12,9.14,,3333.0
2018-10-18 11:00,{},9.18,2048,9.26,9.16,9.18,7.8616,4167.0
2018-10-18 11:00,,9.18,2048,9.26,9.16,9.18,,4167.0
2018-10-18 11:30,{},9.17,2048,9.2,9.14,9.18,2.1168,1122.0
2018-10-18 11:30,,9.17,2048,9.2,9.14,9.18,,1122.0
2018-10-18 13:30,{},9.15,2048,9.21,9.15,9.17,2.7658,1466.0
2018-10-18 13:30,,9.15,2048,9.21,9.15,9.17,,1466.0
2018-10-18 14:00,,9.19,2048,9.22,9.14,9.15,,1456.0
2018-10-18 14:00,{},9.19,2048,9.22,9.14,9.15,2.7469,1456.0
2018-10-18 14:30,,9.17,2048,9.21,9.14,9.19,,2132.0
2018-10-18 14:30,{},9.17,2048,9.21,9.14,9.19,4.0223,2132.0
2018-10-18 15:00,,9.1,2048,9.19,9.08,9.17,,4935.0
2018-10-18 15:00,{},9.1,2048,9.19,9.08,9.17,9.3105,4935.0
2018-10-19 10:00,{},9.16,2048,9.21,9.0,9.05,9.9218,5259.0
2018-10-19 10:00,,9.16,2048,9.21,9.0,9.05,,5259.0
2018-10-19 10:30,,9.21,2048,9.22,9.11,9.16,,3658.0
2018-10-19 10:30,{},9.21,2048,9.22,9.11,9.16,6.9013,3658.0
2018-10-19 11:00,{},9.22,2048,9.26,9.2,9.21,4.043,2143.0
2018-10-19 11:00,,9.22,2048,9.26,9.2,9.21,,2143.0
2018-10-19 11:30,,9.17,2048,9.23,9.15,9.22,,759.0
2018-10-19 11:30,{},9.17,2048,9.23,9.15,9.22,1.4319,759.0
2018-10-19 13:30,{},9.25,2048,9.28,9.17,9.17,5.2524,2784.0
2018-10-19 13:30,,9.25,2048,9.28,9.17,9.17,,2784.0
2018-10-19 14:00,{},9.41,2048,9.41,9.24,9.25,8.4691,4489.0
2018-10-19 14:00,,9.41,2048,9.41,9.24,9.25,,4489.0
2018-10-19 14:30,,9.37,2048,9.44,9.34,9.41,,3241.0
2018-10-19 14:30,{},9.37,2048,9.44,9.34,9.41,6.1146,3241.0
2018-10-19 15:00,{},9.37,2048,9.4,9.36,9.37,7.3088,3874.0
2018-10-19 15:00,,9.37,2048,9.4,9.36,9.37,,3874.0
2018-10-22 10:00,,9.64,2048,9.66,9.4,9.4,,12030.0
2018-10-22 10:00,{},9.64,2048,9.66,9.4,9.4,22.6961,12030.0
2018-10-22 10:30,{},9.68,2048,9.78,9.63,9.64,17.6475,9354.0
2018-10-22 10:30,,9.68,2048,9.78,9.63,9.64,,9354.0
2018-10-22 11:00,,9.75,2048,9.75,9.68,9.68,,6696.0
2018-10-22 11:00,{},9.75,2048,9.75,9.68,9.68,12.6328,6696.0
2018-10-22 11:30,,9.78,2048,9.79,9.73,9.75,,3900.0
2018-10-22 11:30,{},9.78,2048,9.79,9.73,9.75,7.3578,3900.0
2018-10-22 13:30,,9.84,2048,9.87,9.78,9.78,,5566.0
2018-10-22 13:30,{},9.84,2048,9.87,9.78,9.78,10.501,5566.0
2018-10-22 14:00,{},9.8,2048,9.85,9.75,9.84,6.7881,3598.0
2018-10-22 14:00,,9.8,2048,9.85,9.75,9.84,,3598.0
2018-10-22 14:30,{},9.77,2048,9.81,9.75,9.8,3.5752,1895.0
2018-10-22 14:30,,9.77,2048,9.81,9.75,9.8,,1895.0
2018-10-22 15:00,{},9.8,2048,9.8,9.73,9.77,13.978,7409.0
2018-10-22 15:00,,9.8,2048,9.8,9.73,9.77,,7409.0
2018-10-23 10:00,{},9.73,2048,9.82,9.7,9.81,10.867,5760.0
2018-10-23 10:00,,9.73,2048,9.82,9.7,9.81,,5760.0
2018-10-23 10:30,,9.7,2048,9.77,9.67,9.73,,3273.0
2018-10-23 10:30,{},9.7,2048,9.77,9.67,9.73,6.1749,3273.0
2018-10-23 11:00,,9.7,2048,9.76,9.69,9.7,,2708.0
2018-10-23 11:00,{},9.7,2048,9.76,9.69,9.7,5.109,2708.0
2018-10-23 11:30,,9.64,2048,9.72,9.62,9.7,,3006.0
2018-10-23 11:30,{},9.64,2048,9.72,9.62,9.7,5.6712,3006.0
2018-10-23 13:30,,9.66,2048,9.66,9.62,9.64,,4495.0
2018-10-23 13:30,{},9.66,2048,9.66,9.62,9.64,8.4804,4495.0
2018-10-23 14:00,,9.63,2048,9.71,9.62,9.66,,2535.0
2018-10-23 14:00,{},9.63,2048,9.71,9.62,9.66,4.7826,2535.0
2018-10-23 14:30,{},9.46,2048,9.64,9.43,9.63,18.5002,9806.0
2018-10-23 14:30,,9.46,2048,9.64,9.43,9.63,,9806.0
2018-10-23 15:00,,9.45,2048,9.49,9.43,9.46,,6461.0
2018-10-23 15:00,{},9.45,2048,9.49,9.43,9.46,12.1895,6461.0
2018-10-24 10:00,{},9.37,2048,9.56,9.36,9.4,12.1159,6422.0
2018-10-24 10:00,,9.37,2048,9.56,9.36,9.4,,6422.0
2018-10-24 10:30,,9.46,2048,9.5,9.28,9.37,,7134.0
2018-10-24 10:30,{},9.46,2048,9.5,9.28,9.37,13.4592,7134.0
2018-10-24 11:00,{},9.42,2048,9.44,9.32,9.41,4.4581,2363.0
2018-10-24 11:00,,9.42,2048,9.44,9.32,9.41,,2363.0
2018-10-24 11:30,{},9.47,2048,9.51,9.38,9.42,5.2222,2768.0
2018-10-24 11:30,,9.47,2048,9.51,9.38,9.42,,2768.0
2018-10-24 13:30,{},9.51,2048,9.57,9.47,9.47,8.9445,4741.0
2018-10-24 13:30,,9.51,2048,9.57,9.47,9.47,,4741.0
2018-10-24 14:00,,9.45,2048,9.51,9.42,9.51,,2858.0
2018-10-24 14:00,{},9.45,2048,9.51,9.42,9.51,5.392,2858.0
2018-10-24 14:30,{},9.44,2048,9.47,9.43,9.45,3.5997,1908.0
2018-10-24 14:30,,9.44,2048,9.47,9.43,9.45,,1908.0
2018-10-24 15:00,{},9.41,2048,9.44,9.36,9.43,7.4352,3941.0
2018-10-24 15:00,,9.41,2048,9.44,9.36,9.43,,3941.0
2018-10-25 10:00,,9.15,2048,9.19,9.1,9.15,,11332.0
2018-10-25 10:00,{},9.15,2048,9.19,9.1,9.15,21.3792,11332.0
2018-10-25 10:30,,9.2,2048,9.26,9.14,9.15,,4192.0
2018-10-25 10:30,{},9.2,2048,9.26,9.14,9.15,7.9087,4192.0
2018-10-25 11:00,{},9.12,2048,9.21,9.08,9.2,13.6705,7246.0
2018-10-25 11:00,,9.12,2048,9.21,9.08,9.2,,7246.0
2018-10-25 11:30,{},9.13,2048,9.15,9.11,9.12,5.4316,2879.0
2018-10-25 11:30,,9.13,2048,9.15,9.11,9.12,,2879.0
2018-10-25 13:30,,9.13,2048,9.16,9.12,9.13,,1920.0
2018-10-25 13:30,{},9.13,2048,9.16,9.12,9.13,3.6223,1920.0
2018-10-25 14:00,{},9.16,2048,9.18,9.11,9.13,6.8145,3612.0
2018-10-25 14:00,,9.16,2048,9.18,9.11,9.13,,3612.0
2018-10-25 14:30,{},9.27,2048,9.27,9.14,9.16,12.0989,6413.0
2018-10-25 14:30,,9.27,2048,9.27,9.14,9.16,,6413.0
2018-10-25 15:00,,9.29,2048,9.29,9.21,9.24,,7273.0
2018-10-25 15:00,{},9.29,2048,9.29,9.21,9.24,13.7214,7273.0
2018-10-26 10:00,,9.38,2048,9.4,9.27,9.39,,10515.0
2018-10-26 10:00,{},9.38,2048,9.4,9.27,9.39,19.8379,10515.0
2018-10-26 10:30,{},9.33,2048,9.39,9.32,9.38,10.9141,5785.0
2018-10-26 10:30,,9.33,2048,9.39,9.32,9.38,,5785.0
2018-10-26 11:00,,9.29,2048,9.35,9.29,9.33,,4508.0
2018-10-26 11:00,{},9.29,2048,9.35,9.29,9.33,8.5049,4508.0
2018-10-26 11:30,{},9.27,2048,9.31,9.24,9.29,7.4314,3939.0
2018-10-26 11:30,,9.27,2048,9.31,9.24,9.29,,3939.0
2018-10-26 13:30,,9.29,2048,9.31,9.25,9.27,,3115.0
2018-10-26 13:30,{},9.29,2048,9.31,9.25,9.27,5.8768,3115.0
2018-10-26 14:00,{},9.28,2048,9.31,9.26,9.29,6.0315,3197.0
2018-10-26 14:00,,9.28,2048,9.31,9.26,9.29,,3197.0
2018-10-26 14:30,{},9.26,2048,9.29,9.26,9.28,6.8635,3638.0
2018-10-26 14:30,,9.26,2048,9.29,9.26,9.28,,3638.0
2018-10-26 15:00,,9.29,2048,9.3,9.24,9.26,,4629.0
2018-10-26 15:00,{},9.29,2048,9.3,9.24,9.26,8.7332,4629.0
2018-10-29 10:00,{},9.32,2048,9.35,9.26,9.27,11.9442,6331.0
2018-10-29 10:00,,9.32,2048,9.35,9.26,9.27,,6331.0
2018-10-29 10:30,{},9.22,2048,9.34,9.21,9.32,8.3917,4448.0
2018-10-29 10:30,,9.22,2048,9.34,9.21,9.32,,4448.0
2018-10-29 11:00,,9.3,2048,9.31,9.21,9.22,,4352.0
2018-10-29 11:00,{},9.3,2048,9.31,9.21,9.22,8.2106,4352.0
2018-10-29 11:30,{},9.29,2048,9.32,9.24,9.3,6.0429,3203.0
2018-10-29 11:30,,9.29,2048,9.32,9.24,9.3,,3203.0
2018-10-29 13:30,,9.31,2048,9.32,9.25,9.29,,3136.0
2018-10-29 13:30,{},9.31,2048,9.32,9.25,9.29,5.9165,3136.0
2018-10-29 14:00,{},9.29,2048,9.31,9.25,9.31,6.5032,3447.0
2018-10-29 14:00,,9.29,2048,9.31,9.25,9.31,,3447.0
2018-10-29 14:30,{},9.25,2048,9.3,9.25,9.29,7.4088,3927.0
2018-10-29 14:30,,9.25,2048,9.3,9.25,9.29,,3927.0
2018-10-29 15:00,{},9.24,2048,9.29,9.22,9.25,8.9124,4724.0
2018-10-29 15:00,,9.24,2048,9.29,9.22,9.25,,4724.0
2018-10-30 10:00,,9.59,2048,9.73,9.33,9.33,,25796.0
2018-10-30 10:00,{},9.59,2048,9.73,9.33,9.33,48.6674,25796.0
2018-10-30 10:30,,9.62,2048,9.69,9.47,9.59,,12900.0
2018-10-30 10:30,{},9.62,2048,9.69,9.47,9.59,24.3375,12900.0
2018-10-30 11:00,,9.58,2048,9.62,9.51,9.62,,4360.0
2018-10-30 11:00,{},9.58,2048,9.62,9.51,9.62,8.2257,4360.0
2018-10-30 11:30,{},9.58,2048,9.62,9.57,9.59,7.3767,3910.0
2018-10-30 11:30,,9.58,2048,9.62,9.57,9.59,,3910.0
2018-10-30 13:30,{},9.68,2048,9.69,9.58,9.58,17.9644,9522.0
2018-10-30 13:30,,9.68,2048,9.69,9.58,9.58,,9522.0
2018-10-30 14:00,{},9.65,2048,9.68,9.58,9.68,11.3141,5997.0
2018-10-30 14:00,,9.65,2048,9.68,9.58,9.68,,5997.0
2018-10-30 14:30,{},9.7,2048,9.7,9.62,9.65,12.3442,6543.0
2018-10-30 14:30,,9.7,2048,9.7,9.62,9.65,,6543.0
2018-10-30 15:00,{},9.66,2048,9.69,9.62,9.69,9.8123,5201.0
2018-10-30 15:00,,9.66,2048,9.69,9.62,9.69,,5201.0
2018-10-31 10:00,,9.76,2048,9.81,9.61,9.66,,19187.0
2018-10-31 10:00,{},9.76,2048,9.81,9.61,9.66,36.1987,19187.0
2018-10-31 10:30,{},9.82,2048,9.83,9.68,9.76,19.5813,10379.0
2018-10-31 10:30,,9.82,2048,9.83,9.68,9.76,,10379.0
2018-10-31 11:00,{},10.0,2048,10.16,9.77,9.82,29.5181,15646.0
2018-10-31 11:00,,10.0,2048,10.16,9.77,9.82,,15646.0
2018-10-31 11:30,{},10.0,2048,10.07,9.98,10.0,11.7424,6224.0
2018-10-31 11:30,,10.0,2048,10.07,9.98,10.0,,6224.0
2018-10-31 13:30,{},10.05,2048,10.06,10.0,10.0,8.6068,4562.0
2018-10-31 13:30,,10.05,2048,10.06,10.0,10.0,,4562.0
2018-10-31 14:00,,10.06,2048,10.13,10.04,10.05,,7527.0
2018-10-31 14:00,{},10.06,2048,10.13,10.04,10.05,14.2006,7527.0
2018-10-31 14:30,{},10.08,2048,10.11,10.05,10.06,7.6465,4053.0
2018-10-31 14:30,,10.08,2048,10.11,10.05,10.06,,4053.0
2018-10-31 15:00,,10.06,2048,10.09,10.01,10.08,,7157.0
2018-10-31 15:00,{},10.06,2048,10.09,10.01,10.08,13.5026,7157.0
2018-11-01 10:00,,10.09,2048,10.14,9.98,10.07,,16295.0
2018-11-01 10:00,{},10.09,2048,10.14,9.98,10.07,30.7425,16295.0
2018-11-01 10:30,{},10.07,2048,10.1,10.0,10.09,16.1797,8576.0
2018-11-01 10:30,,10.07,2048,10.1,10.0,10.09,,8576.0
2018-11-01 11:00,,10.04,2048,10.09,10.01,10.07,,5084.0
2018-11-01 11:00,{},10.04,2048,10.09,10.01,10.07,9.5916,5084.0
2018-11-01 11:30,{},10.07,2048,10.08,10.02,10.04,7.3673,3905.0
2018-11-01 11:30,,10.07,2048,10.08,10.02,10.04,,3905.0
2018-11-01 13:30,,10.18,2048,10.22,10.07,10.07,,9795.0
2018-11-01 13:30,{},10.18,2048,10.22,10.07,10.07,18.4795,9795.0
2018-11-01 14:00,,10.1,2048,10.19,10.08,10.18,,5047.0
2018-11-01 14:00,{},10.1,2048,10.19,10.08,10.18,9.5218,5047.0
2018-11-01 14:30,,10.06,2048,10.1,10.03,10.1,,6243.0
2018-11-01 14:30,{},10.06,2048,10.1,10.03,10.1,11.7782,6243.0
2018-11-01 15:00,,10.01,2048,10.09,10.0,10.06,,6675.0
2018-11-01 15:00,{},10.01,2048,10.09,10.0,10.06,12.5932,6675.0
2018-11-02 10:00,{},10.21,2048,10.31,10.1,10.1,43.7867,23209.0
2018-11-02 10:00,,10.21,2048,10.31,10.1,10.1,,23209.0
2018-11-02 10:30,{},10.24,2048,10.27,10.2,10.21,11.8216,6266.0
2018-11-02 10:30,,10.24,2048,10.27,10.2,10.21,,6266.0
2018-11-02 11:00,{},10.25,2048,10.28,10.23,10.24,11.2933,5986.0
2018-11-02 11:00,,10.25,2048,10.28,10.23,10.24,,5986.0
2018-11-02 11:30,{},10.26,2048,10.26,10.23,10.25,7.3012,3870.0
2018-11-02 11:30,,10.26,2048,10.26,10.23,10.25,,3870.0
2018-11-02 13:30,{},10.3,2048,10.31,10.25,10.26,12.4687,6609.0
2018-11-02 13:30,,10.3,2048,10.31,10.25,10.26,,6609.0
2018-11-02 14:00,,10.35,2048,10.38,10.29,10.3,,7092.0
2018-11-02 14:00,{},10.35,2048,10.38,10.29,10.3,13.3799,7092.0
2018-11-02 14:30,,10.37,2048,10.4,10.3,10.35,,7669.0
2018-11-02 14:30,{},10.37,2048,10.4,10.3,10.35,14.4685,7669.0
2018-11-02 15:00,{},10.39,2048,10.41,10.33,10.37,19.2662,10212.0
2018-11-02 15:00,,10.39,2048,10.41,10.33,10.37,,10212.0
2018-11-05 10:00,{},10.53,2048,10.65,10.29,10.32,38.6569,20490.0
2018-11-05 10:00,,10.53,2048,10.65,10.29,10.32,,20490.0
2018-11-05 10:30,,10.52,2048,10.57,10.47,10.53,,10887.0
2018-11-05 10:30,{},10.52,2048,10.57,10.47,10.53,20.5397,10887.0
2018-11-05 11:00,,10.5,2048,10.58,10.44,10.52,,6420.0
2018-11-05 11:00,{},10.5,2048,10.58,10.44,10.52,12.1121,6420.0
2018-11-05 11:30,{},10.49,2048,10.55,10.41,10.5,16.4155,8701.0
2018-11-05 11:30,,10.49,2048,10.55,10.41,10.5,,8701.0
2018-11-05 13:30,{},10.41,2048,10.51,10.37,10.49,19.6341,10407.0
2018-11-05 13:30,,10.41,2048,10.51,10.37,10.49,,10407.0
2018-11-05 14:00,{},10.6,2048,10.66,10.41,10.41,29.471,15621.0
2018-11-05 14:00,,10.6,2048,10.66,10.41,10.41,,15621.0
2018-11-05 14:30,,10.76,2048,10.8,10.59,10.6,,12944.0
2018-11-05 14:30,{},10.76,2048,10.8,10.59,10.6,24.4205,12944.0
2018-11-05 15:00,,10.81,2048,10.85,10.76,10.76,,10815.0
2018-11-05 15:00,{},10.81,2048,10.85,10.76,10.76,20.4038,10815.0
2018-11-06 10:00,{},10.65,2048,10.81,10.64,10.64,25.1525,13332.0
2018-11-06 10:00,,10.65,2048,10.81,10.64,10.64,,13332.0
2018-11-06 10:30,{},10.78,2048,10.85,10.64,10.65,16.691,8847.0
2018-11-06 10:30,,10.78,2048,10.85,10.64,10.65,,8847.0
2018-11-06 11:00,{},10.92,2048,10.95,10.75,10.78,17.2607,9149.0
2018-11-06 11:00,,10.92,2048,10.95,10.75,10.78,,9149.0
2018-11-06 11:30,,10.79,2048,10.93,10.77,10.92,,7956.0
2018-11-06 11:30,{},10.79,2048,10.93,10.77,10.92,15.01,7956.0
2018-11-06 13:30,,10.88,2048,10.89,10.77,10.79,,4077.0
2018-11-06 13:30,{},10.88,2048,10.89,10.77,10.79,7.6918,4077.0
2018-11-06 14:00,,10.91,2048,10.94,10.84,10.88,,6205.0
2018-11-06 14:00,{},10.91,2048,10.94,10.84,10.88,11.7065,6205.0
2018-11-06 14:30,,10.9,2048,10.92,10.84,10.91,,4776.0
2018-11-06 14:30,{},10.9,2048,10.92,10.84,10.91,9.0105,4776.0
2018-11-06 15:00,{},10.9,2048,10.91,10.85,10.9,12.7913,6780.0
2018-11-06 15:00,,10.9,2048,10.91,10.85,10.9,,6780.0
2018-11-07 10:00,,11.0,2048,11.05,10.84,10.85,,11214.0
2018-11-07 10:00,{},11.0,2048,11.05,10.84,10.85,21.1566,11214.0
2018-11-07 10:30,{},11.03,2048,11.13,11.0,11.0,15.625,8282.0
2018-11-07 10:30,,11.03,2048,11.13,11.0,11.0,,8282.0
2018-11-07 11:00,,11.17,2048,11.17,11.0,11.03,,8389.0
2018-11-07 11:00,{},11.17,2048,11.17,11.0,11.03,15.8269,8389.0
2018-11-07 11:30,{},11.12,2048,11.17,11.08,11.16,6.7711,3589.0
2018-11-07 11:30,,11.12,2048,11.17,11.08,11.16,,3589.0
2018-11-07 13:30,,11.14,2048,11.18,11.12,11.12,,4888.0
2018-11-07 13:30,{},11.14,2048,11.18,11.12,11.12,9.2218,4888.0
2018-11-07 14:00,,10.97,2048,11.16,10.95,11.14,,10530.0
2018-11-07 14:00,{},10.97,2048,11.16,10.95,11.14,19.8662,10530.0
2018-11-07 14:30,,11.1,2048,11.14,10.97,10.97,,5930.0
2018-11-07 14:30,{},11.1,2048,11.14,10.97,10.97,11.1877,5930.0
2018-11-07 15:00,{},11.18,2048,11.23,11.05,11.1,28.0334,14859.0
2018-11-07 15:00,,11.18,2048,11.23,11.05,11.1,,14859.0
2018-11-08 10:00,{},11.06,2048,11.27,11.02,11.23,20.717,10981.0
2018-11-08 10:00,,11.06,2048,11.27,11.02,11.23,,10981.0
2018-11-08 10:30,,11.06,2048,11.1,11.02,11.06,,6002.0
2018-11-08 10:30,{},11.06,2048,11.1,11.02,11.06,11.3235,6002.0
2018-11-08 11:00,,11.11,2048,11.13,11.05,11.07,,3380.0
2018-11-08 11:00,{},11.11,2048,11.13,11.05,11.07,6.3768,3380.0
2018-11-08 11:30,{},11.11,2048,11.14,11.08,11.11,5.4788,2904.0
2018-11-08 11:30,,11.11,2048,11.14,11.08,11.11,,2904.0
2018-11-08 13:30,{},11.04,2048,11.12,11.03,11.11,8.3747,4439.0
2018-11-08 13:30,,11.04,2048,11.12,11.03,11.11,,4439.0
2018-11-08 14:00,,10.99,2048,11.06,10.99,11.04,,6562.0
2018-11-08 14:00,{},10.99,2048,11.06,10.99,11.04,12.38,6562.0
2018-11-08 14:30,{},10.95,2048,11.03,10.93,10.99,16.1325,8551.0
2018-11-08 14:30,,10.95,2048,11.03,10.93,10.99,,8551.0
2018-11-08 15:00,{},10.96,2048,11.04,10.94,10.95,12.7441,6755.0
2018-11-08 15:00,,10.96,2048,11.04,10.94,10.95,,6755.0
2018-11-09 10:00,{},11.12,2048,11.24,10.9,10.96,36.8571,19536.0
2018-11-09 10:00,,11.12,2048,11.24,10.9,10.96,,19536.0
2018-11-09 10:30,,11.14,2048,11.15,11.07,11.12,,6678.0
2018-11-09 10:30,{},11.14,2048,11.15,11.07,11.12,12.5989,6678.0
2018-11-09 11:00,,11.13,2048,11.19,11.12,11.14,,4028.0
2018-11-09 11:00,{},11.13,2048,11.19,11.12,11.14,7.5993,4028.0
2018-11-09 11:30,,11.07,2048,11.16,11.07,11.13,,2327.0
2018-11-09 11:30,{},11.07,2048,11.16,11.07,11.13,4.3902,2327.0
2018-11-09 13:30,,11.08,2048,11.12,11.04,11.07,,4075.0
2018-11-09 13:30,{},11.08,2048,11.12,11.04,11.07,7.688,4075.0
2018-11-09 14:00,{},11.04,2048,11.14,10.98,11.08,8.3313,4416.0
2018-11-09 14:00,,11.04,2048,11.14,10.98,11.08,,4416.0
2018-11-09 14:30,,11.09,2048,11.1,11.0,11.04,,5434.0
2018-11-09 14:30,{},11.09,2048,11.1,11.0,11.04,10.2519,5434.0
2018-11-09 15:00,,11.17,2048,11.18,11.04,11.09,,9308.0
2018-11-09 15:00,{},11.17,2048,11.18,11.04,11.09,17.5607,9308.0
2018-11-12 10:00,,11.19,2048,11.22,11.05,11.08,,7945.0
2018-11-12 10:00,{},11.19,2048,11.22,11.05,11.08,14.9892,7945.0
2018-11-12 10:30,,11.18,2048,11.2,11.13,11.18,,5359.0
2018-11-12 10:30,{},11.18,2048,11.2,11.13,11.18,10.1104,5359.0
2018-11-12 11:00,,11.27,2048,11.28,11.16,11.18,,3226.0
2018-11-12 11:00,{},11.27,2048,11.28,11.16,11.18,6.0863,3226.0
2018-11-12 11:30,{},11.3,2048,11.3,11.22,11.27,5.6052,2971.0
2018-11-12 11:30,,11.3,2048,11.3,11.22,11.27,,2971.0
2018-11-12 13:30,{},11.29,2048,11.36,11.23,11.3,11.6707,6186.0
2018-11-12 13:30,,11.29,2048,11.36,11.23,11.3,,6186.0
2018-11-12 14:00,,11.28,2048,11.3,11.23,11.29,,3732.0
2018-11-12 14:00,{},11.28,2048,11.3,11.23,11.29,7.0409,3732.0
2018-11-12 14:30,,11.27,2048,11.29,11.24,11.28,,3203.0
2018-11-12 14:30,{},11.27,2048,11.29,11.24,11.28,6.0429,3203.0
2018-11-12 15:00,{},11.28,2048,11.29,11.22,11.27,10.3764,5500.0
2018-11-12 15:00,,11.28,2048,11.29,11.22,11.27,,5500.0
2018-11-13 10:00,,11.31,2048,11.38,11.1,11.14,,11516.0
2018-11-13 10:00,{},11.31,2048,11.38,11.1,11.14,21.7264,11516.0
2018-11-13 10:30,,11.29,2048,11.34,11.25,11.31,,6668.0
2018-11-13 10:30,{},11.29,2048,11.34,11.25,11.31,12.58,6668.0
2018-11-13 11:00,,11.29,2048,11.33,11.27,11.29,,4221.0
2018-11-13 11:00,{},11.29,2048,11.33,11.27,11.29,7.9634,4221.0
2018-11-13 11:30,,11.33,2048,11.33,11.26,11.29,,3249.0
2018-11-13 11:30,{},11.33,2048,11.33,11.26,11.29,6.1296,3249.0
2018-11-13 13:30,,11.34,2048,11.34,11.29,11.33,,9127.0
2018-11-13 13:30,{},11.34,2048,11.34,11.29,11.33,17.2192,9127.0
2018-11-13 14:00,,11.37,2048,11.38,11.33,11.34,,9528.0
2018-11-13 14:00,{},11.37,2048,11.38,11.33,11.34,17.9758,9528.0
2018-11-13 14:30,,11.49,2048,11.56,11.36,11.37,,20418.0
2018-11-13 14:30,{},11.49,2048,11.56,11.36,11.37,38.5211,20418.0
2018-11-13 15:00,{},11.4,2048,11.51,11.38,11.5,15.0326,7968.0
2018-11-13 15:00,,11.4,2048,11.51,11.38,11.5,,7968.0
2018-11-14 10:00,{},11.28,2048,11.47,11.28,11.34,23.43,12419.0
2018-11-14 10:00,,11.28,2048,11.47,11.28,11.34,,12419.0
2018-11-14 10:30,,11.27,2048,11.32,11.2,11.28,,9022.0
2018-11-14 10:30,{},11.27,2048,11.32,11.2,11.28,17.0211,9022.0
2018-11-14 11:00,{},11.3,2048,11.31,11.25,11.27,8.5162,4514.0
2018-11-14 11:00,,11.3,2048,11.31,11.25,11.27,,4514.0
2018-11-14 11:30,,11.28,2048,11.32,11.26,11.3,,2753.0
2018-11-14 11:30,{},11.28,2048,11.32,11.26,11.3,5.1939,2753.0
2018-11-14 13:30,{},11.27,2048,11.33,11.26,11.28,10.0387,5321.0
2018-11-14 13:30,,11.27,2048,11.33,11.26,11.28,,5321.0
2018-11-14 14:00,{},11.2,2048,11.28,11.17,11.27,11.9895,6355.0
2018-11-14 14:00,,11.2,2048,11.28,11.17,11.27,,6355.0
2018-11-14 14:30,,11.31,2048,11.34,11.19,11.2,,6740.0
2018-11-14 14:30,{},11.31,2048,11.34,11.19,11.2,12.7158,6740.0
2018-11-14 15:00,,11.26,2048,11.35,11.26,11.31,,6689.0
2018-11-14 15:00,{},11.26,2048,11.35,11.26,11.31,12.6196,6689.0
2018-11-15 10:00,,11.35,2048,11.42,11.25,11.33,,9354.0
2018-11-15 10:00,{},11.35,2048,11.42,11.25,11.33,17.6475,9354.0
2018-11-15 10:30,,11.38,2048,11.4,11.27,11.35,,6883.0
2018-11-15 10:30,{},11.38,2048,11.4,11.27,11.35,12.9856,6883.0
2018-11-15 11:00,{},11.38,2048,11.4,11.32,11.38,14.5798,7728.0
2018-11-15 11:00,,11.38,2048,11.4,11.32,11.38,,7728.0
2018-11-15 11:30,{},11.4,2048,11.42,11.33,11.38,13.7516,7289.0
2018-11-15 11:30,,11.4,2048,11.42,11.33,11.38,,7289.0
2018-11-15 13:30,,11.45,2048,11.47,11.38,11.4,,7502.0
2018-11-15 13:30,{},11.45,2048,11.47,11.38,11.4,14.1535,7502.0
2018-11-15 14:00,,11.4,2048,11.46,11.35,11.45,,4767.0
2018-11-15 14:00,{},11.4,2048,11.46,11.35,11.45,8.9935,4767.0
2018-11-15 14:30,,11.4,2048,11.41,11.36,11.4,,5874.0
2018-11-15 14:30,{},11.4,2048,11.41,11.36,11.4,11.082,5874.0
2018-11-15 15:00,{},11.41,2048,11.5,11.39,11.4,19.3002,10230.0
2018-11-15 15:00,,11.41,2048,11.5,11.39,11.4,,10230.0
2018-11-16 10:00,,11.67,2048,11.71,11.38,11.38,,16375.0
2018-11-16 10:00,{},11.67,2048,11.71,11.38,11.38,30.8935,16375.0
2018-11-16 10:30,{},11.64,2048,11.73,11.62,11.67,14.4214,7644.0
2018-11-16 10:30,,11.64,2048,11.73,11.62,11.67,,7644.0
2018-11-16 11:00,,11.7,2048,11.74,11.62,11.64,,5449.0
2018-11-16 11:00,{},11.7,2048,11.74,11.62,11.64,10.2802,5449.0
2018-11-16 11:30,{},11.84,2048,11.86,11.7,11.7,19.3209,10241.0
2018-11-16 11:30,,11.84,2048,11.86,11.7,11.7,,10241.0
2018-11-16 13:30,,11.7,2048,11.87,11.67,11.84,,8128.0
2018-11-16 13:30,{},11.7,2048,11.87,11.67,11.84,15.3345,8128.0
2018-11-16 14:00,,11.63,2048,11.71,11.61,11.7,,9208.0
2018-11-16 14:00,{},11.63,2048,11.71,11.61,11.7,17.372,9208.0
2018-11-16 14:30,{},11.58,2048,11.65,11.54,11.63,15.31,8115.0
2018-11-16 14:30,,11.58,2048,11.65,11.54,11.63,,8115.0
2018-11-16 15:00,,11.55,2048,11.6,11.5,11.58,,7399.0
2018-11-16 15:00,{},11.55,2048,11.6,11.5,11.58,13.9591,7399.0
2018-11-19 10:00,,11.79,2048,11.82,11.59,11.64,,14475.0
2018-11-19 10:00,{},11.79,2048,11.82,11.59,11.64,27.3089,14475.0
2018-11-19 10:30,,11.78,2048,11.8,11.72,11.79,,7368.0
2018-11-19 10:30,{},11.78,2048,11.8,11.72,11.79,13.9007,7368.0
2018-11-19 11:00,{},11.74,2048,11.81,11.67,11.78,13.9931,7417.0
2018-11-19 11:00,,11.74,2048,11.81,11.67,11.78,,7417.0
2018-11-19 11:30,,11.84,2048,11.85,11.71,11.74,,8144.0
2018-11-19 11:30,{},11.84,2048,11.85,11.71,11.74,15.3647,8144.0
2018-11-19 13:30,,11.92,2048,11.94,11.8,11.84,,10505.0
2018-11-19 13:30,{},11.92,2048,11.94,11.8,11.84,19.819000000000006,10505.0
2018-11-19 14:00,,11.87,2048,11.94,11.82,11.92,,7468.0
2018-11-19 14:00,{},11.87,2048,11.94,11.82,11.92,14.0893,7468.0
2018-11-19 14:30,{},11.92,2048,11.94,11.85,11.87,15.2666,8092.0
2018-11-19 14:30,,11.92,2048,11.94,11.85,11.87,,8092.0
2018-11-19 15:00,{},11.99,2048,11.99,11.92,11.92,23.13,12260.0
2018-11-19 15:00,,11.99,2048,11.99,11.92,11.92,,12260.0
2018-11-20 10:00,,11.72,2048,11.95,11.72,11.86,,19508.0
2018-11-20 10:00,{},11.72,2048,11.95,11.72,11.86,36.8043,19508.0
2018-11-20 10:30,,11.69,2048,11.75,11.65,11.72,,13126.0
2018-11-20 10:30,{},11.69,2048,11.75,11.65,11.72,24.7638,13126.0
2018-11-20 11:00,{},11.67,2048,11.74,11.67,11.68,12.5291,6641.0
2018-11-20 11:00,,11.67,2048,11.74,11.67,11.68,,6641.0
2018-11-20 11:30,{},11.61,2048,11.7,11.61,11.67,18.2795,9689.0
2018-11-20 11:30,,11.61,2048,11.7,11.61,11.67,,9689.0
2018-11-20 13:30,{},11.56,2048,11.65,11.54,11.61,16.7419,8874.0
2018-11-20 13:30,,11.56,2048,11.65,11.54,11.61,,8874.0
2018-11-20 14:00,{},11.58,2048,11.62,11.53,11.56,11.232999999999999,5954.0
2018-11-20 14:00,,11.58,2048,11.62,11.53,11.56,,5954.0
2018-11-20 14:00,{},11.58,2048,11.62,11.53,11.56,11.233,5954.0
2018-11-20 14:30,,11.52,2048,11.58,11.49,11.58,,9283.0
2018-11-20 14:30,{},11.52,2048,11.58,11.49,11.58,17.5135,9283.0
2018-11-20 15:00,,11.51,2048,11.55,11.43,11.52,,11430.0
2018-11-20 15:00,{},11.51,2048,11.55,11.43,11.52,21.5641,11430.0
2018-11-21 10:00,{},11.52,2048,11.58,11.23,11.38,23.3394,12371.0
2018-11-21 10:00,,11.52,2048,11.58,11.23,11.38,,12371.0
2018-11-21 10:30,{},11.5,2048,11.6,11.46,11.52,8.4955,4503.0
2018-11-21 10:30,,11.5,2048,11.6,11.46,11.52,,4503.0
2018-11-21 11:00,{},11.56,2048,11.56,11.42,11.5,6.6843,3543.0
2018-11-21 11:00,,11.56,2048,11.56,11.42,11.5,,3543.0
2018-11-21 11:30,,11.52,2048,11.6,11.46,11.58,,2240.0
2018-11-21 11:30,{},11.52,2048,11.6,11.46,11.58,4.226,2240.0
2018-11-21 13:30,,11.56,2048,11.56,11.51,11.52,,2371.0
2018-11-21 13:30,{},11.56,2048,11.56,11.51,11.52,4.4732,2371.0
2018-11-21 14:00,{},11.58,2048,11.66,11.56,11.56,10.1123,5360.0
2018-11-21 14:00,,11.58,2048,11.66,11.56,11.56,,5360.0
2018-11-21 14:30,{},11.54,2048,11.6,11.52,11.58,7.0805,3753.0
2018-11-21 14:30,,11.54,2048,11.6,11.52,11.58,,3753.0
2018-11-21 15:00,,11.54,2048,11.57,11.49,11.54,,5727.0
2018-11-21 15:00,{},11.54,2048,11.57,11.49,11.54,10.8047,5727.0
2018-11-22 10:00,,11.75,2048,11.83,11.53,11.54,,11365.0
2018-11-22 10:00,{},11.75,2048,11.83,11.53,11.54,21.4415,11365.0
2018-11-22 10:30,,11.67,2048,11.76,11.66,11.75,,5453.0
2018-11-22 10:30,{},11.67,2048,11.76,11.66,11.75,10.2878,5453.0
2018-11-22 11:00,,11.83,2048,11.85,11.67,11.67,,7598.0
2018-11-22 11:00,{},11.83,2048,11.85,11.67,11.67,14.3346,7598.0
2018-11-22 11:30,,11.74,2048,11.83,11.74,11.83,,3120.0
2018-11-22 11:30,{},11.74,2048,11.83,11.74,11.83,5.8863,3120.0
2018-11-22 13:30,,11.78,2048,11.79,11.72,11.74,,3355.0
2018-11-22 13:30,{},11.78,2048,11.79,11.72,11.74,6.3296,3355.0
2018-11-22 14:00,{},11.85,2048,11.85,11.74,11.78,8.0427,4263.0
2018-11-22 14:00,,11.85,2048,11.85,11.74,11.78,,4263.0
2018-11-22 14:30,,11.96,2048,12.06,11.83,11.85,,14518.0
2018-11-22 14:30,{},11.96,2048,12.06,11.83,11.85,27.39,14518.0
2018-11-22 15:00,,11.92,2048,11.96,11.86,11.96,,9546.0
2018-11-22 15:00,{},11.92,2048,11.96,11.86,11.96,18.0097,9546.0
2018-11-23 10:00,,11.62,2048,11.98,11.61,11.85,,12344.0
2018-11-23 10:00,{},11.62,2048,11.98,11.61,11.85,23.2885,12344.0
2018-11-23 10:30,{},11.59,2048,11.72,11.57,11.62,13.9195,7378.0
2018-11-23 10:30,,11.59,2048,11.72,11.57,11.62,,7378.0
2018-11-23 11:00,{},11.49,2048,11.63,11.46,11.59,25.0487,13277.0
2018-11-23 11:00,,11.49,2048,11.63,11.46,11.59,,13277.0
2018-11-23 11:30,,11.41,2048,11.5,11.35,11.49,,6119.0
2018-11-23 11:30,{},11.41,2048,11.5,11.35,11.49,11.5443,6119.0
2018-11-23 13:30,{},11.37,2048,11.48,11.35,11.41,9.3426,4952.0
2018-11-23 13:30,,11.37,2048,11.48,11.35,11.41,,4952.0
2018-11-23 14:00,,11.35,2048,11.43,11.26,11.35,,8018.0
2018-11-23 14:00,{},11.35,2048,11.43,11.26,11.35,15.127,8018.0
2018-11-23 14:30,,11.42,2048,11.47,11.33,11.35,,4657.0
2018-11-23 14:30,{},11.42,2048,11.47,11.33,11.35,8.786,4657.0
2018-11-23 15:00,{},11.33,2048,11.44,11.28,11.42,11.6933,6198.0
2018-11-23 15:00,,11.33,2048,11.44,11.28,11.42,,6198.0
2018-11-26 10:00,{},11.43,2048,11.51,11.29,11.33,30.0615,15934.0
2018-11-26 10:00,,11.43,2048,11.51,11.29,11.33,,15934.0
2018-11-26 10:30,,11.44,2048,11.47,11.3,11.43,,5578.0
2018-11-26 10:30,{},11.44,2048,11.47,11.3,11.43,10.5236,5578.0
2018-11-26 11:00,{},11.6,2048,11.6,11.42,11.44,21.1604,11216.0
2018-11-26 11:00,,11.6,2048,11.6,11.42,11.44,,11216.0
2018-11-26 11:30,{},11.76,2048,11.79,11.58,11.6,24.6808,13082.0
2018-11-26 11:30,,11.76,2048,11.79,11.58,11.6,,13082.0
2018-11-26 13:30,{},11.61,2048,11.77,11.6,11.76,10.0538,5329.0
2018-11-26 13:30,,11.61,2048,11.77,11.6,11.76,,5329.0
2018-11-26 14:00,,11.64,2048,11.66,11.6,11.61,,3398.0
2018-11-26 14:00,{},11.64,2048,11.66,11.6,11.61,6.4108,3398.0
2018-11-26 14:30,{},11.57,2048,11.69,11.55,11.64,10.333,5477.0
2018-11-26 14:30,,11.57,2048,11.69,11.55,11.64,,5477.0
2018-11-26 15:00,,11.63,2048,11.63,11.52,11.57,,6677.0
2018-11-26 15:00,{},11.63,2048,11.63,11.52,11.57,12.597,6677.0
2018-11-26 15:00,{},11.63,2048,11.63,11.52,11.57,12.597000000000001,6677.0
2018-11-27 10:00,,11.58,2048,11.75,11.52,11.57,,7109.0
2018-11-27 10:00,{},11.58,2048,11.75,11.52,11.57,13.412,7109.0
2018-11-27 10:30,,11.57,2048,11.69,11.54,11.58,,4487.0
2018-11-27 10:30,{},11.57,2048,11.69,11.54,11.58,8.4653,4487.0
2018-11-27 11:00,{},11.46,2048,11.59,11.44,11.56,10.3934,5509.0
2018-11-27 11:00,,11.46,2048,11.59,11.44,11.56,,5509.0
2018-11-27 11:30,{},11.5,2048,11.52,11.42,11.46,7.3295,3885.0
2018-11-27 11:30,,11.5,2048,11.52,11.42,11.46,,3885.0
2018-11-27 13:30,{},11.4,2048,11.52,11.39,11.5,11.5273,6110.0
2018-11-27 13:30,,11.4,2048,11.52,11.39,11.5,,6110.0
2018-11-27 14:00,{},11.32,2048,11.41,11.3,11.4,17.0192,9021.0
2018-11-27 14:00,,11.32,2048,11.41,11.3,11.4,,9021.0
2018-11-27 14:30,{},11.29,2048,11.35,11.25,11.32,9.1935,4873.0
2018-11-27 14:30,,11.29,2048,11.35,11.25,11.32,,4873.0
2018-11-27 15:00,,11.36,2048,11.37,11.28,11.29,,6540.0
2018-11-27 15:00,{},11.36,2048,11.37,11.28,11.29,12.3385,6540.0
2018-11-28 10:00,{},11.29,2048,11.5,11.26,11.5,12.4951,6623.0
2018-11-28 10:00,,11.29,2048,11.5,11.26,11.5,,6623.0
2018-11-28 10:30,{},11.44,2048,11.44,11.23,11.28,10.2859,5452.0
2018-11-28 10:30,,11.44,2048,11.44,11.23,11.28,,5452.0
2018-11-28 11:00,{},11.53,2048,11.53,11.4,11.44,8.8332,4682.0
2018-11-28 11:00,,11.53,2048,11.53,11.4,11.44,,4682.0
2018-11-28 11:30,{},11.57,2048,11.58,11.49,11.53,7.3314,3886.0
2018-11-28 11:30,,11.57,2048,11.58,11.49,11.53,,3886.0
2018-11-28 13:30,,11.51,2048,11.58,11.48,11.57,,4027.0
2018-11-28 13:30,{},11.51,2048,11.58,11.48,11.57,7.5974,4027.0
2018-11-28 14:00,,11.52,2048,11.55,11.46,11.51,,3230.0
2018-11-28 14:00,{},11.52,2048,11.55,11.46,11.51,6.0938,3230.0
2018-11-28 14:30,,11.53,2048,11.57,11.46,11.52,,6049.0
2018-11-28 14:30,{},11.53,2048,11.57,11.46,11.52,11.4122,6049.0
2018-11-28 15:00,,11.49,2048,11.55,11.47,11.53,,9098.0
2018-11-28 15:00,{},11.49,2048,11.55,11.47,11.53,17.1645,9098.0
2018-11-29 10:00,,11.52,2048,11.63,11.46,11.55,,6039.0
2018-11-29 10:00,{},11.52,2048,11.63,11.46,11.55,11.3933,6039.0
2018-11-29 10:30,{},11.45,2048,11.58,11.42,11.53,5.3373,2829.0
2018-11-29 10:30,,11.45,2048,11.58,11.42,11.53,,2829.0
2018-11-29 11:00,,11.31,2048,11.45,11.28,11.45,,4983.0
2018-11-29 11:00,{},11.31,2048,11.45,11.28,11.45,9.4011,4983.0
2018-11-29 11:30,,11.39,2048,11.41,11.31,11.31,,1591.0
2018-11-29 11:30,{},11.39,2048,11.41,11.31,11.31,3.0016,1591.0
2018-11-29 13:30,,11.21,2048,11.39,11.21,11.39,,5801.0
2018-11-29 13:30,{},11.21,2048,11.39,11.21,11.39,10.9443,5801.0
2018-11-29 14:00,,11.16,2048,11.25,11.16,11.23,,7610.0
2018-11-29 14:00,{},11.16,2048,11.25,11.16,11.23,14.3572,7610.0
2018-11-29 14:30,{},11.12,2048,11.2,11.09,11.18,13.8365,7334.0
2018-11-29 14:30,,11.12,2048,11.2,11.09,11.18,,7334.0
2018-11-29 15:00,,11.04,2048,11.12,11.03,11.12,,7990.0
2018-11-29 15:00,{},11.04,2048,11.12,11.03,11.12,15.0741,7990.0
2018-11-30 10:00,{},11.21,2048,11.24,11.02,11.04,16.4099,8698.0
2018-11-30 10:00,,11.21,2048,11.24,11.02,11.04,,8698.0
2018-11-30 10:30,{},11.15,2048,11.22,11.14,11.21,8.037,4260.0
2018-11-30 10:30,,11.15,2048,11.22,11.14,11.21,,4260.0
2018-11-30 11:00,{},11.21,2048,11.21,11.13,11.15,9.1313,4840.0
2018-11-30 11:00,,11.21,2048,11.21,11.13,11.15,,4840.0
2018-11-30 11:30,{},11.18,2048,11.24,11.15,11.21,5.7523,3049.0
2018-11-30 11:30,,11.18,2048,11.24,11.15,11.21,,3049.0
2018-11-30 13:30,{},11.12,2048,11.21,11.07,11.18,6.8315,3621.0
2018-11-30 13:30,,11.12,2048,11.21,11.07,11.18,,3621.0
2018-11-30 14:00,{},11.13,2048,11.19,11.06,11.12,6.9032,3659.0
2018-11-30 14:00,,11.13,2048,11.19,11.06,11.12,,3659.0
2018-11-30 14:30,{},11.21,2048,11.21,11.1,11.13,8.3917,4448.0
2018-11-30 14:30,,11.21,2048,11.21,11.1,11.13,,4448.0
2018-11-30 15:00,{},11.24,2048,11.3,11.18,11.21,16.4042,8695.0
2018-11-30 15:00,,11.24,2048,11.3,11.18,11.21,,8695.0
2018-12-03 10:00,,11.59,2048,11.65,11.51,11.58,,15551.0
2018-12-03 10:00,{},11.59,2048,11.65,11.51,11.58,29.3389,15551.0
2018-12-03 10:30,,11.65,2048,11.71,11.58,11.59,,10949.0
2018-12-03 10:30,{},11.65,2048,11.71,11.58,11.59,20.6567,10949.0
2018-12-03 11:00,{},11.65,2048,11.65,11.6,11.65,7.0522,3738.0
2018-12-03 11:00,,11.65,2048,11.65,11.6,11.65,,3738.0
2018-12-03 11:30,{},11.68,2048,11.69,11.64,11.64,5.9032,3129.0
2018-12-03 11:30,,11.68,2048,11.69,11.64,11.64,,3129.0
2018-12-03 13:30,,11.68,2048,11.72,11.66,11.68,,4672.0
2018-12-03 13:30,{},11.68,2048,11.72,11.66,11.68,8.8143,4672.0
2018-12-03 14:00,{},11.69,2048,11.7,11.67,11.68,6.3617,3372.0
2018-12-03 14:00,,11.69,2048,11.7,11.67,11.68,,3372.0
2018-12-03 14:30,,11.67,2048,11.7,11.64,11.69,,6928.0
2018-12-03 14:30,{},11.67,2048,11.7,11.64,11.69,13.0705,6928.0
2018-12-03 15:00,{},11.68,2048,11.7,11.64,11.67,17.5324,9293.0
2018-12-03 15:00,,11.68,2048,11.7,11.64,11.67,,9293.0
2018-12-04 10:00,,11.71,2048,11.78,11.62,11.69,,8302.0
2018-12-04 10:00,{},11.71,2048,11.78,11.62,11.69,15.6628,8302.0
2018-12-04 10:30,{},11.65,2048,11.74,11.63,11.71,9.3973,4981.0
2018-12-04 10:30,,11.65,2048,11.74,11.63,11.71,,4981.0
2018-12-04 11:00,{},11.67,2048,11.72,11.64,11.65,5.9315,3144.0
2018-12-04 11:00,,11.67,2048,11.72,11.64,11.65,,3144.0
2018-12-04 11:30,,11.64,2048,11.68,11.6,11.67,,3535.0
2018-12-04 11:30,{},11.64,2048,11.68,11.6,11.67,6.6692,3535.0
2018-12-04 13:30,,11.65,2048,11.66,11.6,11.64,,2317.0
2018-12-04 13:30,{},11.65,2048,11.66,11.6,11.64,4.3713,2317.0
2018-12-04 14:00,,11.61,2048,11.65,11.59,11.65,,4208.0
2018-12-04 14:00,{},11.61,2048,11.65,11.59,11.65,7.9389,4208.0
2018-12-04 14:30,,11.7,2048,11.7,11.6,11.61,,3651.0
2018-12-04 14:30,{},11.7,2048,11.7,11.6,11.61,6.8881,3651.0
2018-12-04 15:00,,11.72,2048,11.72,11.67,11.69,,7042.0
2018-12-04 15:00,{},11.72,2048,11.72,11.67,11.69,13.2856,7042.0
2018-12-05 10:00,{},11.5,2048,11.63,11.42,11.63,21.5132,11403.0
2018-12-05 10:00,,11.5,2048,11.63,11.42,11.63,,11403.0
2018-12-05 10:30,{},11.53,2048,11.56,11.44,11.5,8.4521,4480.0
2018-12-05 10:30,,11.53,2048,11.56,11.44,11.5,,4480.0
2018-12-05 11:00,{},11.52,2048,11.54,11.49,11.53,4.9939,2647.0
2018-12-05 11:00,,11.52,2048,11.54,11.49,11.53,,2647.0
2018-12-05 11:30,{},11.6,2048,11.6,11.5,11.52,5.4523,2890.0
2018-12-05 11:30,,11.6,2048,11.6,11.5,11.52,,2890.0
2018-12-05 13:30,{},11.5,2048,11.63,11.46,11.6,10.8311,5741.0
2018-12-05 13:30,,11.5,2048,11.63,11.46,11.6,,5741.0
2018-12-05 14:00,{},11.51,2048,11.55,11.48,11.5,8.0408,4262.0
2018-12-05 14:00,,11.51,2048,11.55,11.48,11.5,,4262.0
2018-12-05 14:30,{},11.51,2048,11.55,11.5,11.51,4.2921,2275.0
2018-12-05 14:30,,11.51,2048,11.55,11.5,11.51,,2275.0
2018-12-05 15:00,{},11.55,2048,11.55,11.5,11.51,8.7615,4644.0
2018-12-05 15:00,,11.55,2048,11.55,11.5,11.51,,4644.0
2018-12-06 10:00,,11.26,2048,11.49,11.26,11.43,,11273.0
2018-12-06 10:00,{},11.26,2048,11.49,11.26,11.43,21.2679,11273.0
2018-12-06 10:30,{},11.26,2048,11.34,11.24,11.26,7.4088,3927.0
2018-12-06 10:30,,11.26,2048,11.34,11.24,11.26,,3927.0
2018-12-06 11:00,,11.26,2048,11.29,11.24,11.26,,2312.0
2018-12-06 11:00,{},11.26,2048,11.29,11.24,11.26,4.3619,2312.0
2018-12-06 11:30,{},11.25,2048,11.27,11.21,11.26,4.8788,2586.0
2018-12-06 11:30,,11.25,2048,11.27,11.21,11.26,,2586.0
2018-12-06 13:30,,11.17,2048,11.25,11.15,11.25,,4667.0
2018-12-06 13:30,{},11.17,2048,11.25,11.15,11.25,8.8049,4667.0
2018-12-06 14:00,,11.18,2048,11.21,11.16,11.17,,2377.0
2018-12-06 14:00,{},11.18,2048,11.21,11.16,11.17,4.4845,2377.0
2018-12-06 14:30,{},11.18,2048,11.22,11.16,11.18,7.9125,4194.0
2018-12-06 14:30,,11.18,2048,11.22,11.16,11.18,,4194.0
2018-12-06 15:00,,11.23,2048,11.23,11.15,11.18,,5359.0
2018-12-06 15:00,{},11.23,2048,11.23,11.15,11.18,10.1104,5359.0
2018-12-07 10:00,,11.2,2048,11.29,11.18,11.25,,5306.0
2018-12-07 10:00,{},11.2,2048,11.29,11.18,11.25,10.0104,5306.0
2018-12-07 10:30,,11.18,2048,11.23,11.17,11.2,,3354.0
2018-12-07 10:30,{},11.18,2048,11.23,11.17,11.2,6.3277,3354.0
2018-12-07 11:00,,11.2,2048,11.23,11.17,11.18,,1963.0
2018-12-07 11:00,{},11.2,2048,11.23,11.17,11.18,3.7034,1963.0
2018-12-07 11:30,,11.21,2048,11.28,11.17,11.2,,2210.0
2018-12-07 11:30,{},11.21,2048,11.28,11.17,11.2,4.1694,2210.0
2018-12-07 13:30,{},11.22,2048,11.24,11.16,11.21,4.0713,2158.0
2018-12-07 13:30,,11.22,2048,11.24,11.16,11.21,,2158.0
2018-12-07 14:00,{},11.18,2048,11.22,11.16,11.22,3.76,1993.0
2018-12-07 14:00,,11.18,2048,11.22,11.16,11.22,,1993.0
2018-12-07 14:30,,11.15,2048,11.19,11.15,11.18,,2112.0
2018-12-07 14:30,{},11.15,2048,11.19,11.15,11.18,3.9846,2112.0
2018-12-07 15:00,,11.16,2048,11.17,11.11,11.15,,4661.0
2018-12-07 15:00,{},11.16,2048,11.17,11.11,11.15,8.7936,4661.0
2018-12-10 10:00,,10.96,2048,11.15,10.93,11.0,,7816.0
2018-12-10 10:00,{},10.96,2048,11.15,10.93,11.0,14.7459,7816.0
2018-12-10 10:30,{},10.96,2048,11.04,10.93,10.96,5.6372,2988.0
2018-12-10 10:30,,10.96,2048,11.04,10.93,10.96,,2988.0
2018-12-10 11:00,,11.0,2048,11.01,10.96,10.96,,1587.0
2018-12-10 11:00,{},11.0,2048,11.01,10.96,10.96,2.9941,1587.0
2018-12-10 11:30,,10.96,2048,11.0,10.95,11.0,,1563.0
2018-12-10 11:30,{},10.96,2048,11.0,10.95,11.0,2.9488,1563.0
2018-12-10 13:30,{},10.95,2048,10.97,10.95,10.96,3.345,1773.0
2018-12-10 13:30,,10.95,2048,10.97,10.95,10.96,,1773.0
2018-12-10 14:00,,10.96,2048,10.98,10.87,10.95,,5012.0
2018-12-10 14:00,{},10.96,2048,10.98,10.87,10.95,9.4558,5012.0
2018-12-10 14:30,,10.97,2048,11.0,10.94,10.96,,1934.0
2018-12-10 14:30,{},10.97,2048,11.0,10.94,10.96,3.6487,1934.0
2018-12-10 15:00,,10.93,2048,10.97,10.91,10.97,,2717.0
2018-12-10 15:00,{},10.93,2048,10.97,10.91,10.97,5.126,2717.0
2018-12-11 10:00,{},11.05,2048,11.05,10.94,10.99,6.2127,3293.0
2018-12-11 10:00,,11.05,2048,11.05,10.94,10.99,,3293.0
2018-12-11 10:30,{},11.0,2048,11.05,10.95,11.05,4.3128,2286.0
2018-12-11 10:30,,11.0,2048,11.05,10.95,11.05,,2286.0
2018-12-11 11:00,,10.93,2048,11.01,10.91,11.0,,1634.0
2018-12-11 11:00,{},10.93,2048,11.01,10.91,11.0,3.0827,1634.0
2018-12-11 11:30,,11.01,2048,11.03,10.91,10.93,,1765.0
2018-12-11 11:30,{},11.01,2048,11.03,10.91,10.93,3.3299,1765.0
2018-12-11 13:30,,11.0,2048,11.03,10.96,11.01,,992.0
2018-12-11 13:30,{},11.0,2048,11.03,10.96,11.01,1.8715,992.0
2018-12-11 14:00,,10.94,2048,11.0,10.93,11.0,,892.0
2018-12-11 14:00,{},10.94,2048,11.0,10.93,11.0,1.6829,892.0
2018-12-11 14:30,{},10.97,2048,10.97,10.91,10.93,2.0074,1064.0
2018-12-11 14:30,,10.97,2048,10.97,10.91,10.93,,1064.0
2018-12-11 15:00,,10.96,2048,10.98,10.91,10.97,,4870.0
2018-12-11 15:00,{},10.96,2048,10.98,10.91,10.97,9.1879,4870.0
2018-12-12 10:00,{},11.13,2048,11.17,10.97,11.15,11.9763,6348.0
2018-12-12 10:00,,11.13,2048,11.17,10.97,11.15,,6348.0
2018-12-12 10:30,,11.11,2048,11.14,11.06,11.13,,1705.0
2018-12-12 10:30,{},11.11,2048,11.14,11.06,11.13,3.2167,1705.0
2018-12-12 11:00,{},11.09,2048,11.12,11.07,11.11,3.262,1729.0
2018-12-12 11:00,,11.09,2048,11.12,11.07,11.11,,1729.0
2018-12-12 11:30,{},11.12,2048,11.14,11.08,11.09,2.5884,1372.0
2018-12-12 11:30,,11.12,2048,11.14,11.08,11.09,,1372.0
2018-12-12 13:30,{},11.15,2048,11.15,11.09,11.12,3.8638,2048.0
2018-12-12 13:30,,11.15,2048,11.15,11.09,11.12,,2048.0
2018-12-12 14:00,,11.16,2048,11.18,11.13,11.15,,2773.0
2018-12-12 14:00,{},11.16,2048,11.18,11.13,11.15,5.2316,2773.0
2018-12-12 14:30,{},11.21,2048,11.22,11.1,11.15,7.9465,4212.0
2018-12-12 14:30,,11.21,2048,11.22,11.1,11.15,,4212.0
2018-12-12 15:00,{},11.19,2048,11.22,11.17,11.21,5.3033,2811.0
2018-12-12 15:00,,11.19,2048,11.22,11.17,11.21,,2811.0
2018-12-13 10:00,{},11.05,2048,11.23,11.04,11.23,9.9689,5284.0
2018-12-13 10:00,,11.05,2048,11.23,11.04,11.23,,5284.0
2018-12-13 10:30,{},11.16,2048,11.16,11.05,11.05,4.9675,2633.0
2018-12-13 10:30,,11.16,2048,11.16,11.05,11.05,,2633.0
2018-12-13 11:00,{},11.27,2048,11.28,11.15,11.16,8.4408,4474.0
2018-12-13 11:00,,11.27,2048,11.28,11.15,11.16,,4474.0
2018-12-13 11:30,{},11.24,2048,11.28,11.2,11.27,7.2446,3840.0
2018-12-13 11:30,,11.24,2048,11.28,11.2,11.27,,3840.0
2018-12-13 13:30,{},11.2,2048,11.24,11.16,11.24,5.6825,3012.0
2018-12-13 13:30,,11.2,2048,11.24,11.16,11.24,,3012.0
2018-12-13 14:00,,11.2,2048,11.24,11.18,11.2,,2460.0
2018-12-13 14:00,{},11.2,2048,11.24,11.18,11.2,4.6411,2460.0
2018-12-13 14:30,,11.22,2048,11.24,11.2,11.2,,2656.0
2018-12-13 14:30,{},11.22,2048,11.24,11.2,11.2,5.0109,2656.0
2018-12-13 15:00,{},11.19,2048,11.22,11.18,11.22,6.6824,3542.0
2018-12-13 15:00,,11.19,2048,11.22,11.18,11.22,,3542.0
2018-12-14 10:00,{},11.2,2048,11.22,11.1,11.19,6.4032,3394.0
2018-12-14 10:30,{},11.12,2048,11.2,11.11,11.2,4.0185,2130.0
2018-12-14 11:00,{},11.05,2048,11.13,11.03,11.13,4.2581,2257.0
2018-12-14 11:30,{},11.04,2048,11.1,11.03,11.05,3.3356,1768.0
2018-12-14 13:30,{},11.04,2048,11.11,11.02,11.04,2.9695,1574.0
2018-12-14 14:00,{},11.01,2048,11.06,11.0,11.04,5.7353,3040.0
2018-12-14 14:30,{},11.0,2048,11.05,10.98,11.01,5.4486,2888.0
2018-12-14 15:00,{},10.9,2048,11.0,10.86,11.0,12.8762,6825.0
2018-12-17 10:00,{},10.77,2048,11.0,10.77,10.98,14.1138,7481.0
2018-12-17 10:30,{},10.79,2048,10.82,10.7,10.77,8.12,4304.0
2018-12-17 11:00,{},10.87,2048,10.88,10.78,10.79,3.8091,2019.0
2018-12-17 11:30,{},10.86,2048,10.92,10.79,10.87,3.7393,1982.0
2018-12-17 13:30,{},10.81,2048,10.86,10.76,10.86,3.8676,2050.0
2018-12-17 14:00,{},10.77,2048,10.84,10.74,10.81,4.5373,2405.0
2018-12-17 14:30,{},10.76,2048,10.8,10.75,10.77,4.5279,2400.0
2018-12-17 15:00,{},10.8,2048,10.81,10.74,10.76,5.4467,2887.0
2018-12-18 10:00,{},10.69,2048,10.78,10.6,10.78,8.6124,4565.0
2018-12-18 10:30,{},10.7,2048,10.73,10.63,10.69,7.1409,3785.0
2018-12-18 11:00,{},10.63,2048,10.74,10.63,10.7,5.5354,2934.0
2018-12-18 11:30,{},10.6,2048,10.66,10.54,10.63,7.0447,3734.0
2018-12-18 13:30,{},10.6,2048,10.65,10.56,10.6,6.1221,3245.0
2018-12-18 14:00,{},10.56,2048,10.66,10.56,10.6,5.6806,3011.0
2018-12-18 14:30,{},10.73,2048,10.73,10.56,10.56,5.9561,3157.0
2018-12-18 15:00,{},10.66,2048,10.75,10.65,10.73,6.3862,3385.0
2018-12-19 10:00,{},10.61,2048,10.74,10.57,10.72,11.1462,5908.0
2018-12-19 10:30,{},10.6,2048,10.7,10.59,10.62,5.9183,3137.0
2018-12-19 11:00,{},10.61,2048,10.63,10.56,10.6,3.9015,2068.0
2018-12-19 11:30,{},10.62,2048,10.64,10.58,10.61,2.9262,1551.0
2018-12-19 13:30,{},10.66,2048,10.71,10.6,10.62,6.7598,3583.0
2018-12-19 14:00,{},10.6,2048,10.69,10.58,10.66,3.877,2055.0
2018-12-19 14:30,{},10.51,2048,10.61,10.46,10.6,8.3276,4414.0
2018-12-19 15:00,{},10.47,2048,10.52,10.43,10.51,8.4483,4478.0
2018-12-20 10:00,{},10.56,2048,10.57,10.45,10.51,9.3048,4932.0
2018-12-20 10:30,{},10.6,2048,10.63,10.54,10.56,6.3862,3385.0
2018-12-20 11:00,{},10.56,2048,10.6,10.51,10.6,4.3675,2315.0
2018-12-20 11:30,{},10.53,2048,10.59,10.49,10.56,4.6203,2449.0
2018-12-20 13:30,{},10.44,2048,10.55,10.41,10.53,8.4143,4460.0
2018-12-20 14:00,{},10.55,2048,10.57,10.4,10.44,7.2352,3835.0
2018-12-20 14:30,{},10.48,2048,10.57,10.44,10.55,11.2971,5988.0
2018-12-20 15:00,{},10.52,2048,10.55,10.45,10.5,6.2957,3337.0
2018-12-21 10:00,{},10.46,2048,10.54,10.39,10.54,7.7955,4132.0
2018-12-21 10:30,{},10.42,2048,10.46,10.38,10.46,5.3448,2833.0
2018-12-21 11:00,{},10.45,2048,10.46,10.4,10.42,3.7449,1985.0
2018-12-21 11:30,{},10.42,2048,10.5,10.38,10.45,5.5825,2959.0
2018-12-21 13:30,{},10.46,2048,10.48,10.38,10.42,3.4939999999999998,1852.0
2018-12-21 13:30,{},10.46,2048,10.48,10.38,10.42,3.494,1852.0
2018-12-21 14:00,{},10.46,2048,10.5,10.4,10.46,6.3579,3370.0
2018-12-21 14:30,{},10.48,2048,10.48,10.42,10.46,5.0146,2658.0
2018-12-21 15:00,{},10.58,2048,10.6,10.44,10.48,12.048,6386.0
2018-12-24 10:00,{},10.49,2048,10.56,10.41,10.56,9.7916,5190.0
2018-12-24 10:30,{},10.56,2048,10.57,10.49,10.49,6.5202,3456.0
2018-12-24 11:00,{},10.57,2048,10.61,10.51,10.56,4.6864,2484.0
2018-12-24 11:30,{},10.52,2048,10.59,10.52,10.57,2.6488,1404.0
2018-12-24 13:30,{},10.52,2048,10.57,10.51,10.52,3.4921,1851.0
2018-12-24 14:00,{},10.54,2048,10.57,10.48,10.52,4.4562,2362.0
2018-12-24 14:30,{},10.54,2048,10.57,10.49,10.54,4.3298,2295.0
2018-12-24 15:00,{},10.55,2048,10.58,10.5,10.54,6.5975,3497.0
2018-12-25 10:00,{},10.13,2048,10.48,10.1,10.48,15.9231,8440.0
2018-12-25 10:30,{},10.06,2048,10.17,10.06,10.13,10.0368,5320.0
2018-12-25 11:00,{},10.08,2048,10.08,9.92,10.06,15.6967,8320.0
2018-12-25 11:30,{},10.08,2048,10.12,10.01,10.08,4.8222,2556.0
2018-12-25 13:30,{},10.24,2048,10.25,10.02,10.08,12.1612,6446.0
2018-12-25 14:00,{},10.34,2048,10.36,10.2,10.24,7.6955,4079.0
2018-12-25 14:30,{},10.49,2048,10.52,10.34,10.34,9.7161,5150.0
2018-12-25 15:00,{},10.44,2048,10.5,10.41,10.48,6.6013,3499.0
2018-12-26 10:00,{},10.35,2048,10.39,10.27,10.32,12.0871,5563.0
2018-12-26 10:30,{},10.3,2048,10.35,10.26,10.35,6.4727,2979.0
2018-12-26 11:00,{},10.31,2048,10.33,10.25,10.29,4.4998,2071.0
2018-12-26 11:30,{},10.28,2048,10.34,10.27,10.31,3.5329,1626.0
2018-12-26 13:30,{},10.27,2048,10.32,10.25,10.28,4.2521,1957.0
2018-12-26 14:00,{},10.24,2048,10.29,10.2,10.27,3.5612,1639.0
2018-12-26 14:30,{},10.22,2048,10.28,10.21,10.24,5.1951,2391.0
2018-12-26 15:00,{},10.16,2048,10.24,10.1,10.22,10.2598,4722.0
2018-12-27 10:00,{},10.39,2048,10.42,10.3,10.3,12.4608,5735.0
2018-12-27 10:30,{},10.36,2048,10.4,10.32,10.39,5.6253,2589.0
2018-12-27 11:00,{},10.39,2048,10.42,10.35,10.36,8.9561,4122.0
2018-12-27 11:30,{},10.4,2048,10.42,10.37,10.39,5.0843,2340.0
2018-12-27 13:30,{},10.35,2048,10.42,10.35,10.4,6.7812,3121.0
2018-12-27 14:00,{},10.33,2048,10.43,10.32,10.36,9.684,4457.0
2018-12-27 14:30,{},10.29,2048,10.37,10.29,10.33,7.4939,3449.0
2018-12-27 15:00,{},10.24,2048,10.37,10.22,10.29,10.0729,4636.0
2018-12-28 10:00,{},10.28,2048,10.37,10.16,10.34,10.6965,4923.0
2018-12-28 10:30,{},10.26,2048,10.32,10.17,10.28,7.1658,3298.0
2018-12-28 11:00,{},10.25,2048,10.28,10.2,10.26,4.3260000000000005,1991.0
2018-12-28 11:30,{},10.23,2048,10.25,10.19,10.24,5.2972,2438.0
2018-12-28 13:30,{},10.35,2048,10.38,10.2,10.23,20.8498,9596.0
2018-12-28 14:00,{},10.43,2048,10.52,10.35,10.35,16.5956,7638.0
2018-12-28 14:30,{},10.46,2048,10.49,10.38,10.43,14.6813,6757.0
2018-12-28 15:00,{},10.43,2048,10.49,10.41,10.46,10.0794,4639.0
2019-01-02 10:00,{},10.22,2048,10.57,10.11,10.57,21.4625,9878.0
2019-01-02 10:30,{},10.1,2048,10.3,10.09,10.22,15.3875,7082.0
2019-01-02 11:00,{},10.16,2048,10.3,10.08,10.09,9.8187,4519.0
2019-01-02 11:30,{},10.14,2048,10.16,10.11,10.16,4.6388,2135.0
2019-01-02 13:30,{},10.11,2048,10.18,10.1,10.14,6.4987,2991.0
2019-01-02 14:00,{},10.11,2048,10.13,10.1,10.11,6.2076,2857.0
2019-01-02 14:30,{},10.09,2048,10.16,10.09,10.11,9.4363,4343.0
2019-01-02 15:00,{},10.03,2048,10.16,10.01,10.09,12.6998,5845.0
2019-01-03 10:00,{},10.13,2048,10.16,10.04,10.05,10.9898,5058.0
2019-01-03 10:30,{},10.14,2048,10.2,10.13,10.13,11.3874,5241.0
2019-01-03 11:00,{},10.11,2048,10.14,10.06,10.14,8.0566,3708.0
2019-01-03 11:30,{},10.11,2048,10.12,10.04,10.11,6.6899,3079.0
2019-01-03 13:30,{},10.24,2048,10.24,10.1,10.11,11.4787,5283.0
2019-01-03 14:00,{},10.25,2048,10.29,10.23,10.24,14.2033,6537.0
2019-01-03 14:30,{},10.27,2048,10.28,10.25,10.25,7.5178,3460.0
2019-01-03 15:00,{},10.26,2048,10.29,10.22,10.27,10.6378,4896.0
2019-01-04 10:00,{},10.15,2048,10.28,10.09,10.1,16.2653,7486.0
2019-01-04 10:30,{},10.2,2048,10.2,10.1,10.15,9.4863,4366.0
2019-01-04 11:00,{},10.28,2048,10.3,10.15,10.2,9.9817,4594.0
2019-01-04 11:30,{},10.41,2048,10.41,10.23,10.25,9.508,4376.0
2019-01-04 13:30,{},10.45,2048,10.48,10.41,10.41,10.1424,4668.0
2019-01-04 14:00,{},10.42,2048,10.46,10.42,10.45,7.0484,3244.0
2019-01-04 14:30,{},10.43,2048,10.43,10.37,10.42,8.7519,4028.0
2019-01-04 15:00,{},10.49,2048,10.5,10.41,10.43,13.1995,6075.0
2019-01-07 10:00,{},10.55,2048,10.69,10.48,10.64,17.2995,7962.0
2019-01-07 10:30,{},10.53,2048,10.59,10.52,10.55,7.7633,3573.0
2019-01-07 11:00,{},10.63,2048,10.66,10.53,10.53,9.5471,4394.0
2019-01-07 11:30,{},10.55,2048,10.64,10.55,10.63,8.3673,3851.0
2019-01-07 13:30,{},10.57,2048,10.6,10.54,10.55,6.6443,3058.0
2019-01-07 14:00,{},10.53,2048,10.57,10.52,10.57,7.9871,3676.0
2019-01-07 14:30,{},10.59,2048,10.59,10.52,10.54,11.9437,5497.0
2019-01-07 15:00,{},10.56,2048,10.59,10.54,10.59,6.9311,3190.0
2019-01-08 10:00,{},10.54,2048,10.6,10.5,10.6,12.5607,5781.0
2019-01-08 10:30,{},10.42,2048,10.54,10.39,10.54,11.2267,5167.0
2019-01-08 11:00,{},10.32,2048,10.44,10.25,10.42,15.8633,7301.0
2019-01-08 11:30,{},10.35,2048,10.38,10.29,10.32,7.4873,3446.0
2019-01-08 13:30,{},10.41,2048,10.44,10.35,10.35,8.7367,4021.0
2019-01-08 14:00,{},10.42,2048,10.43,10.35,10.41,8.4108,3871.0
2019-01-08 14:30,{},10.46,2048,10.48,10.4,10.41,7.0875,3262.0
2019-01-08 15:00,{},10.46,2048,10.47,10.42,10.46,5.3754,2474.0
2019-01-09 10:00,{},11.1,2048,11.23,10.54,10.54,93.8046,43173.0
2019-01-09 10:30,{},11.11,2048,11.14,11.03,11.11,31.7288,14603.0
2019-01-09 11:00,{},11.08,2048,11.13,11.08,11.11,27.6267,12715.0
2019-01-09 11:30,{},11.11,2048,11.11,11.03,11.08,19.5874,9015.0
2019-01-09 13:30,{},11.14,2048,11.16,11.09,11.11,17.0757,7859.0
2019-01-09 14:00,{},11.2,2048,11.3,11.14,11.14,31.0683,14299.0
2019-01-09 14:30,{},11.02,2048,11.25,11.01,11.2,28.4719,13104.0
2019-01-09 15:00,{},10.95,2048,11.03,10.86,11.02,34.4317,15847.0
2019-01-10 10:00,{},10.86,2048,10.93,10.75,10.81,40.2113,18507.0
2019-01-10 10:30,{},10.83,2048,10.9,10.81,10.86,13.6449,6280.0
2019-01-10 11:00,{},10.82,2048,10.84,10.79,10.83,9.5102,4377.0
2019-01-10 11:30,{},10.89,2048,10.9,10.81,10.82,8.1674,3759.0
2019-01-10 13:30,{},10.9,2048,10.99,10.89,10.89,14.01,6448.0
2019-01-10 14:00,{},10.83,2048,10.91,10.8,10.9,18.3207,8432.0
2019-01-10 14:30,{},10.82,2048,10.86,10.8,10.83,12.3782,5697.0
2019-01-10 15:00,{},10.78,2048,10.82,10.73,10.82,22.5902,10397.0
2019-01-11 10:00,{},10.87,2048,10.9,10.75,10.78,19.3832,8921.0
2019-01-11 10:30,{},10.79,2048,10.88,10.78,10.87,8.1457,3749.0
2019-01-11 11:00,{},10.78,2048,10.83,10.76,10.79,4.3955,2023.0
2019-01-11 11:30,{},10.74,2048,10.81,10.72,10.78,6.5791,3028.0
2019-01-11 13:30,{},10.82,2048,10.85,10.74,10.74,6.4314,2960.0
2019-01-11 14:00,{},10.82,2048,10.85,10.77,10.82,6.5987,3037.0
2019-01-11 14:30,{},10.84,2048,10.84,10.78,10.82,6.5596,3019.0
2019-01-11 15:00,{},10.84,2048,10.87,10.83,10.84,11.4418,5266.0
2019-01-14 10:00,{},10.76,2048,10.92,10.72,10.92,12.5455,5774.0
2019-01-14 10:30,{},10.75,2048,10.86,10.75,10.75,6.4162,2953.0
2019-01-14 11:00,{},10.78,2048,10.8,10.72,10.75,7.4265,3418.0
2019-01-14 11:30,{},10.69,2048,10.78,10.64,10.78,10.5183,4841.0
2019-01-14 13:30,{},10.65,2048,10.7,10.64,10.69,6.3575,2926.0
2019-01-14 14:00,{},10.63,2048,10.69,10.6,10.65,9.2647,4264.0
2019-01-14 14:30,{},10.63,2048,10.67,10.61,10.63,6.9594,3203.0
2019-01-14 15:00,{},10.64,2048,10.66,10.58,10.63,13.91,6402.0
2019-01-15 10:00,{},10.59,2048,10.7,10.54,10.62,12.9171,5945.0
2019-01-15 10:30,{},10.59,2048,10.67,10.59,10.6,6.7595,3111.0
2019-01-15 11:00,{},10.58,2048,10.62,10.57,10.59,9.1473,4210.0
2019-01-15 11:30,{},10.72,2048,10.72,10.57,10.58,9.3081,4284.0
2019-01-15 13:30,{},10.76,2048,10.76,10.69,10.72,12.2674,5646.0
2019-01-15 14:00,{},10.76,2048,10.81,10.71,10.76,15.029000000000002,6917.0
2019-01-15 14:30,{},10.73,2048,10.81,10.67,10.76,15.2528,7020.0
2019-01-15 15:00,{},10.74,2048,10.75,10.67,10.73,16.2262,7468.0
2019-01-16 10:00,{},10.74,2048,10.82,10.71,10.72,14.9573,6884.0
2019-01-16 10:30,{},10.76,2048,10.78,10.7,10.74,6.5922,3034.0
2019-01-16 11:00,{},10.68,2048,10.77,10.67,10.75,7.9719,3669.0
2019-01-16 11:30,{},10.74,2048,10.76,10.66,10.68,6.9355,3192.0
2019-01-16 13:30,{},10.73,2048,10.78,10.71,10.74,8.3477,3842.0
2019-01-16 14:00,{},10.83,2048,10.85,10.71,10.73,8.0305,3696.0
2019-01-16 14:30,{},10.83,2048,10.86,10.8,10.83,9.1386,4206.0
2019-01-16 15:00,{},10.81,2048,10.85,10.8,10.84,10.2359,4711.0
2019-01-17 10:00,{},10.71,2048,10.82,10.67,10.81,8.4738,3900.0
2019-01-17 10:30,{},10.63,2048,10.71,10.59,10.71,12.8562,5917.0
2019-01-17 11:00,{},10.62,2048,10.64,10.58,10.63,10.7378,4942.0
2019-01-17 11:30,{},10.67,2048,10.67,10.61,10.62,8.5433,3932.0
2019-01-17 13:30,{},10.63,2048,10.68,10.62,10.67,6.0403,2780.0
2019-01-17 14:00,{},10.6,2048,10.64,10.58,10.63,9.6166,4426.0
2019-01-17 14:30,{},10.57,2048,10.63,10.54,10.6,12.174000000000001,5603.0
2019-01-17 14:30,{},10.57,2048,10.63,10.54,10.6,12.174,5603.0
2019-01-17 15:00,{},10.59,2048,10.64,10.55,10.57,9.8122,4516.0
2019-01-18 10:00,{},10.65,2048,10.73,10.57,10.59,10.7291,4938.0
2019-01-18 10:30,{},10.66,2048,10.72,10.64,10.65,7.1723,3301.0
2019-01-18 11:00,{},10.64,2048,10.66,10.58,10.66,5.8708,2702.0
2019-01-18 11:30,{},10.64,2048,10.66,10.59,10.64,4.5215,2081.0
2019-01-18 13:30,{},10.67,2048,10.68,10.64,10.64,4.7149,2170.0
2019-01-18 14:00,{},10.72,2048,10.72,10.65,10.67,5.3841,2478.0
2019-01-18 14:30,{},10.73,2048,10.74,10.69,10.72,8.0892,3723.0
2019-01-18 15:00,{},10.71,2048,10.78,10.68,10.73,10.9746,5051.0
2019-01-21 10:00,{},10.8,2048,10.83,10.68,10.71,13.1496,6052.0
2019-01-21 10:30,{},10.75,2048,10.81,10.73,10.8,11.4113,5252.0
2019-01-21 11:00,{},10.78,2048,10.8,10.72,10.75,7.4917,3448.0
2019-01-21 11:30,{},10.83,2048,10.84,10.76,10.78,7.2396,3332.0
2019-01-21 13:30,{},10.81,2048,10.86,10.8,10.83,6.9963,3220.0
2019-01-21 14:00,{},10.8,2048,10.83,10.78,10.82,6.8551,3155.0
2019-01-21 14:30,{},10.8,2048,10.83,10.78,10.8,5.5492,2554.0
2019-01-21 15:00,{},10.81,2048,10.83,10.78,10.8,7.7915,3586.0
2019-01-22 10:00,{},10.83,2048,10.86,10.75,10.83,7.2288,3327.0
2019-01-22 10:30,{},10.85,2048,10.86,10.82,10.83,9.3103,4285.0
2019-01-22 11:00,{},10.84,2048,10.88,10.82,10.85,11.9719,5510.0
2019-01-22 11:30,{},10.93,2048,10.95,10.84,10.84,11.4591,5274.0
2019-01-22 13:30,{},10.84,2048,10.93,10.82,10.93,11.6482,5361.0
2019-01-22 14:00,{},10.76,2048,10.86,10.75,10.85,11.0398,5081.0
2019-01-22 14:30,{},10.73,2048,10.78,10.72,10.77,12.8823,5929.0
2019-01-22 15:00,{},10.78,2048,10.8,10.72,10.73,5.8034,2671.0
2019-01-23 10:00,{},10.74,2048,10.78,10.69,10.71,6.4835,2984.0
2019-01-23 10:30,{},10.72,2048,10.75,10.66,10.74,6.702999999999999,3085.0
2019-01-23 10:30,{},10.72,2048,10.75,10.66,10.74,6.7029999999999985,3085.0
2019-01-23 11:00,{},10.67,2048,10.73,10.66,10.72,6.0251,2773.0
2019-01-23 11:30,{},10.79,2048,10.82,10.67,10.67,7.9958,3680.0
2019-01-23 13:30,{},10.73,2048,10.8,10.7,10.79,4.3368,1996.0
2019-01-23 14:00,{},10.7,2048,10.74,10.7,10.73,6.2054,2856.0
2019-01-23 14:30,{},10.79,2048,10.81,10.7,10.7,4.9191,2264.0
2019-01-23 15:00,{},10.8,2048,10.84,10.78,10.79,10.6031,4880.0
2019-01-24 10:00,{},10.75,2048,10.83,10.7,10.83,5.9447,2736.0
2019-01-24 10:30,{},10.86,2048,10.89,10.75,10.75,7.1592,3295.0
2019-01-24 11:00,{},10.9,2048,10.91,10.8,10.86,8.9083,4100.0
2019-01-24 11:30,{},10.85,2048,10.91,10.84,10.9,12.6542,5824.0
2019-01-24 13:30,{},10.9,2048,10.93,10.85,10.85,6.8246,3141.0
2019-01-24 14:00,{},10.85,2048,10.9,10.82,10.9,4.98,2292.0
2019-01-24 14:30,{},10.79,2048,10.87,10.79,10.86,6.9094,3180.0
2019-01-24 15:00,{},10.82,2048,10.84,10.78,10.79,6.9007,3176.0
2019-01-25 10:00,{},10.8,2048,10.86,10.75,10.78,9.5015,4373.0
2019-01-25 10:30,{},10.84,2048,10.86,10.79,10.8,5.6188,2586.0
2019-01-25 11:00,{},10.85,2048,10.88,10.82,10.84,5.5558,2557.0
2019-01-25 11:30,{},10.87,2048,10.87,10.84,10.85,5.1103,2352.0
2019-01-25 13:30,{},10.89,2048,10.93,10.84,10.87,10.7812,4962.0
2019-01-25 14:00,{},10.96,2048,10.97,10.88,10.89,14.5488,6696.0
2019-01-25 14:30,{},10.92,2048,11.0,10.92,10.96,19.129,8804.0
2019-01-25 15:00,{},10.87,2048,10.94,10.85,10.92,15.3419,7061.0
2019-01-28 10:00,{},10.91,2048,10.96,10.87,10.88,20.1958,9295.0
2019-01-28 10:30,{},10.89,2048,10.93,10.87,10.91,18.3338,8438.0
2019-01-28 11:00,{},10.9,2048,10.91,10.87,10.89,7.5308,3466.0
2019-01-28 11:30,{},10.9,2048,10.92,10.88,10.9,6.0424,2781.0
2019-01-28 13:30,{},10.88,2048,10.9,10.8,10.9,9.0148,4149.0
2019-01-28 14:00,{},10.83,2048,10.88,10.8,10.88,5.7535,2648.0
2019-01-28 14:30,{},10.83,2048,10.84,10.8,10.83,6.2206,2863.0
2019-01-28 15:00,{},10.82,2048,10.85,10.81,10.83,5.8708,2702.0
2019-01-29 10:00,{},10.56,2048,10.84,10.5,10.82,21.1714,9744.0
2019-01-29 10:30,{},10.36,2048,10.56,10.3,10.56,25.6668,11813.0
2019-01-29 11:00,{},10.44,2048,10.45,10.36,10.36,6.8616,3158.0
2019-01-29 11:30,{},10.53,2048,10.55,10.41,10.44,5.5275,2544.0
2019-01-29 13:30,{},10.68,2048,10.72,10.49,10.53,10.74,4943.0
2019-01-29 14:00,{},10.69,2048,10.74,10.63,10.7,8.6563,3984.0
2019-01-29 14:30,{},10.71,2048,10.74,10.66,10.69,8.7432,4024.0
2019-01-29 15:00,{},10.67,2048,10.74,10.63,10.71,6.4922,2988.0
2019-01-30 10:00,{},10.75,2048,10.75,10.58,10.67,13.0713,6016.0
2019-01-30 10:30,{},10.68,2048,10.77,10.65,10.75,6.6182,3046.0
2019-01-30 11:00,{},10.68,2048,10.72,10.63,10.68,4.2673,1964.0
2019-01-30 11:30,{},10.7,2048,10.71,10.66,10.68,2.2466,1034.0
2019-01-30 13:30,{},10.65,2048,10.7,10.64,10.7,2.9875,1375.0
2019-01-30 14:00,{},10.58,2048,10.66,10.54,10.64,6.5118,2997.0
2019-01-30 14:30,{},10.54,2048,10.64,10.52,10.58,6.3792,2936.0
2019-01-30 15:00,{},10.38,2048,10.57,10.35,10.54,19.0529,8769.0
2019-01-31 10:00,{},10.43,2048,10.56,10.38,10.45,17.4668,8039.0
2019-01-31 10:30,{},10.44,2048,10.47,10.39,10.43,12.0849,5562.0
2019-01-31 11:00,{},10.4,2048,10.47,10.4,10.44,15.7417,7245.0
2019-01-31 11:30,{},10.39,2048,10.43,10.34,10.4,10.7074,4928.0
2019-01-31 13:30,{},10.26,2048,10.4,10.25,10.39,12.2826,5653.0
2019-01-31 14:00,{},10.29,2048,10.32,10.25,10.26,9.7427,4484.0
2019-01-31 14:30,{},10.28,2048,10.3,10.15,10.29,13.2169,6083.0
2019-01-31 15:00,{},10.35,2048,10.35,10.27,10.28,14.5684,6705.0
2019-02-01 10:00,{},10.5,2048,10.54,10.36,10.36,14.4423,6647.0
2019-02-01 10:30,{},10.51,2048,10.54,10.47,10.5,12.8236,5902.0
2019-02-01 11:00,{},10.43,2048,10.53,10.41,10.51,10.3945,4784.0
2019-02-01 11:30,{},10.47,2048,10.49,10.42,10.43,8.0479,3704.0
2019-02-01 13:30,{},10.46,2048,10.48,10.41,10.47,8.6519,3982.0
2019-02-01 14:00,{},10.52,2048,10.52,10.43,10.46,10.5183,4841.0
2019-02-01 14:30,{},10.51,2048,10.55,10.49,10.52,12.8063,5894.0
2019-02-01 15:00,{},10.53,2048,10.56,10.49,10.51,12.6824,5837.0
2019-02-11 10:00,{},10.81,2048,10.83,10.56,10.56,22.2599,10245.0
2019-02-11 10:30,{},10.96,2048,11.01,10.79,10.81,26.5924,12239.0
2019-02-11 11:00,{},10.96,2048,11.02,10.92,10.97,25.5365,11753.0
2019-02-11 11:30,{},10.98,2048,11.03,10.96,10.96,23.4528,10794.0
2019-02-11 13:30,{},11.02,2048,11.04,10.96,10.98,14.1186,6498.0
2019-02-11 14:00,{},11.18,2048,11.19,11.02,11.02,20.4174,9397.0
2019-02-11 14:30,{},11.22,2048,11.22,11.14,11.18,16.891,7774.0
2019-02-11 15:00,{},11.2,2048,11.22,11.16,11.22,27.3094,12569.0
2019-02-12 10:00,{},11.27,2048,11.29,11.12,11.15,27.5484,12679.0
2019-02-12 10:30,{},11.25,2048,11.3,11.17,11.27,13.2712,6108.0
2019-02-12 11:00,{},11.28,2048,11.34,11.22,11.25,19.9851,9198.0
2019-02-12 11:30,{},11.36,2048,11.37,11.26,11.28,19.531,8989.0
2019-02-12 13:30,{},11.33,2048,11.37,11.31,11.36,11.3418,5220.0
2019-02-12 14:00,{},11.26,2048,11.35,11.21,11.33,13.1756,6064.0
2019-02-12 14:30,{},11.25,2048,11.28,11.22,11.26,7.7698,3576.0
2019-02-12 15:00,{},11.28,2048,11.29,11.24,11.25,14.2664,6566.0
2019-02-13 10:00,{},11.31,2048,11.37,11.26,11.32,18.0709,8317.0
2019-02-13 10:30,{},11.34,2048,11.45,11.28,11.31,30.2448,13920.0
2019-02-13 11:00,{},11.33,2048,11.41,11.33,11.34,12.2891,5656.0
2019-02-13 11:30,{},11.33,2048,11.37,11.3,11.33,7.7872,3584.0
2019-02-13 13:30,{},11.4,2048,11.44,11.33,11.33,18.3903,8464.0
2019-02-13 14:00,{},11.42,2048,11.44,11.37,11.4,14.2012,6536.0
2019-02-13 14:30,{},11.45,2048,11.45,11.37,11.41,17.3452,7983.0
2019-02-13 15:00,{},11.46,2048,11.47,11.41,11.45,19.896,9157.0
2019-02-14 10:00,{},11.5,2048,11.64,11.44,11.56,35.0749,16143.0
2019-02-14 10:30,{},11.49,2048,11.51,11.45,11.5,15.5874,7174.0
2019-02-14 11:00,{},11.47,2048,11.54,11.41,11.49,10.9464,5038.0
2019-02-14 11:30,{},11.39,2048,11.48,11.37,11.47,10.401,4787.0
2019-02-14 13:30,{},11.37,2048,11.42,11.3,11.39,25.0172,11514.0
2019-02-14 14:00,{},11.43,2048,11.46,11.36,11.37,7.1288,3281.0
2019-02-14 14:30,{},11.44,2048,11.46,11.36,11.43,12.3978,5706.0
2019-02-14 15:00,{},11.38,2048,11.45,11.36,11.44,14.8878,6852.0
2019-02-15 10:00,{},11.38,2048,11.47,11.32,11.43,23.1269,10644.0
2019-02-15 10:30,{},11.38,2048,11.44,11.36,11.38,11.4765,5282.0
2019-02-15 11:00,{},11.4,2048,11.42,11.36,11.38,8.2435,3794.0
2019-02-15 11:30,{},11.36,2048,11.41,11.3,11.4,9.5276,4385.0
2019-02-15 13:30,{},11.33,2048,11.36,11.3,11.35,8.7823,4042.0
2019-02-15 14:00,{},11.32,2048,11.34,11.29,11.33,9.3277,4293.0
2019-02-15 14:30,{},11.29,2048,11.33,11.25,11.33,12.5607,5781.0
2019-02-15 15:00,{},11.28,2048,11.31,11.23,11.29,16.3609,7530.0
2019-02-18 10:00,{},11.35,2048,11.44,11.26,11.4,34.2253,15752.0
2019-02-18 10:30,{},11.44,2048,11.47,11.34,11.35,21.2518,9781.0
2019-02-18 11:00,{},11.45,2048,11.55,11.43,11.44,14.1773,6525.0
2019-02-18 11:30,{},11.65,2048,11.7,11.45,11.45,23.9373,11017.0
2019-02-18 13:30,{},11.61,2048,11.71,11.56,11.65,19.7243,9078.0
2019-02-18 14:00,{},11.59,2048,11.62,11.58,11.6,15.3962,7086.0
2019-02-18 14:30,{},11.64,2048,11.65,11.59,11.59,12.6324,5814.0
2019-02-18 15:00,{},11.63,2048,11.65,11.6,11.64,16.4304,7562.0
2019-02-19 10:00,{},11.8,2048,11.83,11.55,11.63,38.7555,17837.0
2019-02-19 10:30,{},11.69,2048,11.82,11.66,11.8,29.3757,13520.0
2019-02-19 11:00,{},11.69,2048,11.72,11.66,11.69,13.9969,6442.0
2019-02-19 11:30,{},11.57,2048,11.71,11.56,11.69,21.2865,9797.0
2019-02-19 13:30,{},11.51,2048,11.57,11.46,11.57,21.3908,9845.0
2019-02-19 14:00,{},11.45,2048,11.51,11.42,11.51,15.6287,7193.0
2019-02-19 14:30,{},11.47,2048,11.5,11.4,11.45,10.6096,4883.0
2019-02-19 15:00,{},11.5,2048,11.55,11.47,11.47,20.7108,9532.0
2019-02-20 10:00,{},11.68,2048,11.71,11.48,11.5,32.9999,15188.0
2019-02-20 10:30,{},11.66,2048,11.68,11.57,11.68,13.5906,6255.0
2019-02-20 11:00,{},11.58,2048,11.67,11.58,11.66,12.7302,5859.0
2019-02-20 11:30,{},11.58,2048,11.64,11.57,11.58,6.9572,3202.0
2019-02-20 13:30,{},11.53,2048,11.6,11.5,11.58,10.5509,4856.0
2019-02-20 14:00,{},11.54,2048,11.55,11.47,11.53,10.0273,4615.0
2019-02-20 14:30,{},11.58,2048,11.58,11.52,11.54,6.0816,2799.0
2019-02-20 15:00,{},11.58,2048,11.61,11.56,11.58,11.0811,5100.0
2019-02-21 10:00,{},11.58,2048,11.62,11.5,11.59,16.7781,7722.0
2019-02-21 10:30,{},11.77,2048,11.79,11.55,11.55,21.858,10060.0
2019-02-21 11:00,{},11.76,2048,11.82,11.71,11.77,22.7944,10491.0
2019-02-21 11:30,{},11.72,2048,11.76,11.71,11.75,8.1261,3740.0
2019-02-21 13:30,{},11.76,2048,11.8,11.72,11.72,19.9177,9167.0
2019-02-21 14:00,{},11.61,2048,11.77,11.6,11.76,24.0916,11088.0
2019-02-21 14:30,{},11.6,2048,11.67,11.53,11.61,18.2773,8412.0
2019-02-21 15:00,{},11.59,2048,11.61,11.51,11.59,20.4718,9422.0
2019-02-22 10:00,{},11.55,2048,11.68,11.51,11.65,20.1676,9282.0
2019-02-22 10:30,{},11.53,2048,11.62,11.51,11.55,11.2397,5173.0
2019-02-22 11:00,{},11.56,2048,11.59,11.53,11.53,6.0511,2785.0
2019-02-22 11:30,{},11.62,2048,11.65,11.57,11.57,11.3766,5236.0
2019-02-22 13:30,{},11.64,2048,11.64,11.58,11.62,11.105,5111.0
2019-02-22 14:00,{},11.66,2048,11.68,11.6,11.64,16.1849,7449.0
2019-02-22 14:30,{},11.76,2048,11.76,11.66,11.66,27.1812,12510.0
2019-02-22 15:00,{},11.73,2048,11.77,11.7,11.76,31.9048,14684.0
2019-02-25 10:00,{},11.88,2048,12.07,11.86,11.96,60.381,27790.0
2019-02-25 10:30,{},12.01,2048,12.02,11.85,11.88,44.7285,20586.0
2019-02-25 11:00,{},12.01,2048,12.02,11.92,12.01,28.0503,12910.0
2019-02-25 11:30,{},12.17,2048,12.2,12.0,12.01,29.7625,13698.0
2019-02-25 13:30,{},12.21,2048,12.26,12.14,12.17,26.7793,12325.0
2019-02-25 14:00,{},12.19,2048,12.23,12.13,12.21,25.8732,11908.0
2019-02-25 14:30,{},12.25,2048,12.27,12.18,12.2,21.1475,9733.0
2019-02-25 15:00,{},12.31,2048,12.31,12.21,12.25,34.2666,15771.0
2019-02-26 10:00,{},12.35,2048,12.4,12.19,12.31,69.7652,32109.0
2019-02-26 10:30,{},12.33,2048,12.47,12.27,12.35,65.3849,30093.0
2019-02-26 11:00,{},12.33,2048,12.35,12.27,12.33,26.5207,12206.0
2019-02-26 11:30,{},12.35,2048,12.37,12.31,12.33,15.2897,7037.0
2019-02-26 13:30,{},12.52,2048,12.54,12.35,12.35,35.479,16329.0
2019-02-26 14:00,{},12.46,2048,12.53,12.39,12.52,23.5462,10837.0
2019-02-26 14:30,{},12.45,2048,12.58,12.45,12.46,29.8581,13742.0
2019-02-26 15:00,{},12.34,2048,12.46,12.31,12.46,41.4585,19081.0
2019-02-27 10:00,{},12.48,2048,12.56,12.33,12.39,44.0832,20289.0
2019-02-27 10:30,{},12.49,2048,12.51,12.41,12.48,20.2002,9297.0
2019-02-27 11:00,{},12.48,2048,12.56,12.43,12.49,19.62,9030.0
2019-02-27 11:30,{},12.42,2048,12.51,12.39,12.48,15.7091,7230.0
2019-02-27 13:30,{},12.42,2048,12.5,12.42,12.42,17.6385,8118.0
2019-02-27 14:00,{},12.29,2048,12.45,12.26,12.42,35.7311,16445.0
2019-02-27 14:30,{},12.19,2048,12.31,12.17,12.29,33.6713,15497.0
2019-02-27 15:00,{},12.24,2048,12.24,12.06,12.19,34.9228,16073.0
2019-02-28 10:00,{},12.5,2048,12.55,12.25,12.3,66.3822,30552.0
2019-02-28 10:30,{},12.45,2048,12.51,12.43,12.5,29.0715,13380.0
2019-02-28 11:00,{},12.49,2048,12.49,12.44,12.46,22.9444,10560.0
2019-02-28 11:30,{},12.53,2048,12.7,12.48,12.49,58.1279,26753.0
2019-02-28 13:30,{},12.55,2048,12.59,12.49,12.53,24.5283,11289.0
2019-02-28 14:00,{},12.48,2048,12.56,12.45,12.55,26.7771,12324.0
2019-02-28 14:30,{},12.48,2048,12.49,12.44,12.48,15.7004,7226.0
2019-02-28 15:00,{},12.54,2048,12.54,12.45,12.48,23.7983,10953.0
2019-03-01 10:00,{},12.5,2048,12.63,12.42,12.6,44.4743,20469.0
2019-03-01 10:30,{},12.54,2048,12.64,12.49,12.5,37.315,17174.0
2019-03-01 11:00,{},12.54,2048,12.61,12.53,12.54,20.2914,9339.0
2019-03-01 11:30,{},12.5,2048,12.55,12.46,12.54,25.5234,11747.0
2019-03-01 13:30,{},12.53,2048,12.6,12.48,12.5,23.3789,10760.0
2019-03-01 14:00,{},12.58,2048,12.61,12.5,12.54,19.6113,9026.0
2019-03-01 14:30,{},12.68,2048,12.69,12.54,12.58,22.651,10425.0
2019-03-01 15:00,{},12.7,2048,12.76,12.62,12.68,51.6031,23750.0
2019-03-04 10:00,{},12.91,2048,13.0,12.75,12.97,69.9282,32184.0
2019-03-04 10:30,{},12.83,2048,12.95,12.78,12.91,38.7838,17850.0
2019-03-04 11:00,{},12.77,2048,12.86,12.74,12.83,42.5275,19573.0
2019-03-04 11:30,{},12.88,2048,12.88,12.74,12.77,32.3394,14884.0
2019-03-04 13:30,{},12.83,2048,12.95,12.79,12.88,47.54,21880.0
2019-03-04 14:00,{},12.85,2048,12.91,12.8,12.83,25.619,11791.0
2019-03-04 14:30,{},12.71,2048,12.85,12.67,12.85,46.6122,21453.0
2019-03-04 15:00,{},12.62,2048,12.71,12.57,12.71,34.623000000000005,15935.0
2019-03-05 10:00,{},12.54,2048,12.64,12.46,12.57,61.0741,28109.0
2019-03-05 10:30,{},12.52,2048,12.62,12.49,12.54,63.8075,29367.0
2019-03-05 11:00,{},12.58,2048,12.64,12.49,12.52,54.8926,25264.0
2019-03-05 11:30,{},12.55,2048,12.64,12.55,12.58,22.5489,10378.0
2019-03-05 13:30,{},12.58,2048,12.6,12.51,12.55,26.1905,12054.0
2019-03-05 14:00,{},12.59,2048,12.61,12.51,12.58,23.9503,11023.0
2019-03-05 14:30,{},12.66,2048,12.7,12.56,12.59,26.5511,12220.0
2019-03-05 15:00,{},12.76,2048,12.78,12.64,12.66,39.6594,18253.0
2019-03-06 10:00,{},12.88,2048,13.17,12.86,12.87,111.4496,51294.0
2019-03-06 10:30,{},12.96,2048,12.96,12.82,12.88,41.2977,19007.0
2019-03-06 11:00,{},13.09,2048,13.12,12.95,12.96,49.7867,22914.0
2019-03-06 11:30,{},13.15,2048,13.22,13.04,13.09,39.6572,18252.0
2019-03-06 13:30,{},13.13,2048,13.23,13.11,13.15,41.4758,19089.0
2019-03-06 14:00,{},13.1,2048,13.18,13.08,13.13,26.6989,12288.0
2019-03-06 14:30,{},13.18,2048,13.18,13.0,13.1,41.0152,18877.0
2019-03-06 15:00,{},13.23,2048,13.25,13.15,13.18,29.4279,13544.0
2019-03-07 10:00,{},13.35,2048,13.45,13.1,13.23,61.1024,28122.0
2019-03-07 10:30,{},13.15,2048,13.4,13.12,13.35,48.5308,22336.0
2019-03-07 11:00,{},13.05,2048,13.16,12.92,13.15,72.1139,33190.0
2019-03-07 11:30,{},13.02,2048,13.11,12.98,13.04,20.1219,9261.0
2019-03-07 13:30,{},13.08,2048,13.14,13.02,13.02,20.0285,9218.0
2019-03-07 14:00,{},13.14,2048,13.19,13.05,13.08,22.0774,10161.0
2019-03-07 14:30,{},13.31,2048,13.35,13.12,13.16,30.7728,14163.0
2019-03-07 15:00,{},13.19,2048,13.35,13.15,13.31,34.4144,15839.0
2019-03-08 10:00,{},12.92,2048,12.96,12.8,12.8,70.3453,32376.0
2019-03-08 10:30,{},13.08,2048,13.12,12.87,12.92,35.1075,16158.0
2019-03-08 11:00,{},12.97,2048,13.13,12.93,13.08,25.7755,11863.0
2019-03-08 11:30,{},12.88,2048,13.04,12.87,12.97,22.399,10309.0
2019-03-08 13:30,{},12.9,2048,12.92,12.8,12.88,29.7016,13670.0
2019-03-08 14:00,{},12.79,2048,12.92,12.72,12.9,25.3431,11664.0
2019-03-08 14:30,{},12.74,2048,12.89,12.7,12.79,23.1073,10635.0
2019-03-08 15:00,{},12.43,2048,12.75,12.4,12.73,47.4422,21835.0
2019-03-11 10:00,{},12.77,2048,12.83,12.4,12.4,58.5755,26959.0
2019-03-11 10:30,{},12.84,2048,12.85,12.69,12.77,44.6416,20546.0
2019-03-11 11:00,{},13.01,2048,13.04,12.82,12.85,26.3969,12149.0
2019-03-11 11:30,{},12.98,2048,13.07,12.91,13.01,21.9601,10107.0
2019-03-11 13:30,{},12.95,2048,13.03,12.92,12.98,27.0617,12455.0
2019-03-11 14:00,{},12.91,2048,13.03,12.91,12.95,16.4934,7591.0
2019-03-11 14:30,{},12.99,2048,12.99,12.86,12.91,15.3962,7086.0
2019-03-11 15:00,{},13.07,2048,13.09,12.97,12.98,37.7061,17354.0
2019-03-12 10:00,{},13.1,2048,13.3,13.08,13.13,69.2459,31870.0
2019-03-12 10:30,{},12.99,2048,13.12,12.91,13.09,49.4912,22778.0
2019-03-12 11:00,{},12.96,2048,13.07,12.94,12.99,25.7211,11838.0
2019-03-12 11:30,{},13.12,2048,13.12,12.93,12.96,30.8597,14203.0
2019-03-12 13:30,{},13.06,2048,13.15,13.05,13.12,38.4644,17703.0
2019-03-12 14:00,{},12.98,2048,13.11,12.95,13.06,27.505,12659.0
2019-03-12 14:30,{},12.89,2048,12.98,12.83,12.98,41.9234,19295.0
2019-03-12 15:00,{},13.0,2048,13.04,12.87,12.89,20.7216,9537.0
2019-03-13 10:00,{},13.02,2048,13.1,12.81,13.0,56.3267,25924.0
2019-03-13 10:30,{},13.0,2048,13.08,12.94,13.02,42.5296,19574.0
2019-03-13 11:00,{},13.01,2048,13.07,12.99,13.0,33.1346,15250.0
2019-03-13 11:30,{},13.07,2048,13.14,13.01,13.01,34.6316,15939.0
2019-03-13 13:30,{},13.06,2048,13.08,12.93,13.07,21.9275,10092.0
2019-03-13 14:00,{},12.94,2048,13.11,12.89,13.06,24.2502,11161.0
2019-03-13 14:30,{},12.77,2048,12.98,12.7,12.94,26.7206,12298.0
2019-03-13 15:00,{},12.73,2048,12.82,12.66,12.77,39.529,18193.0
2019-03-14 10:00,{},12.8,2048,12.92,12.68,12.72,46.8882,21580.0
2019-03-14 10:30,{},12.74,2048,12.8,12.63,12.75,31.4833,14490.0
2019-03-14 11:00,{},12.72,2048,12.77,12.65,12.74,41.653999999999996,19171.0
2019-03-14 11:00,{},12.72,2048,12.77,12.65,12.74,41.654,19171.0
2019-03-14 11:30,{},12.73,2048,12.81,12.69,12.72,16.4109,7553.0
2019-03-14 13:30,{},12.74,2048,12.79,12.6,12.73,16.5695,7626.0
2019-03-14 14:00,{},12.75,2048,12.77,12.58,12.74,20.7933,9570.0
2019-03-14 14:30,{},12.7,2048,12.75,12.63,12.75,13.8166,6359.0
2019-03-14 15:00,{},12.74,2048,12.75,12.55,12.7,27.7701,12781.0
2019-03-15 10:00,{},12.74,2048,12.85,12.64,12.74,38.1168,17543.0
2019-03-15 10:30,{},12.82,2048,12.82,12.7,12.74,35.9635,16552.0
2019-03-15 11:00,{},12.93,2048,12.94,12.81,12.82,27.3594,12592.0
2019-03-15 11:30,{},12.87,2048,12.97,12.84,12.93,19.9264,9171.0
2019-03-15 13:30,{},12.79,2048,12.93,12.78,12.87,17.8427,8212.0
2019-03-15 14:00,{},12.76,2048,12.82,12.7,12.79,19.0269,8757.0
2019-03-15 14:30,{},12.84,2048,12.85,12.71,12.76,17.5211,8064.0
2019-03-15 15:00,{},12.8,2048,12.87,12.78,12.84,18.9726,8732.0
2019-03-18 10:00,{},12.88,2048,12.92,12.79,12.79,28.7652,13239.0
2019-03-18 10:30,{},13.03,2048,13.04,12.83,12.88,29.0129,13353.0
2019-03-18 11:00,{},13.0,2048,13.09,13.0,13.04,23.4636,10799.0
2019-03-18 11:30,{},13.01,2048,13.04,12.97,13.0,10.7878,4965.0
2019-03-18 13:30,{},13.06,2048,13.09,12.98,13.01,19.3072,8886.0
2019-03-18 14:00,{},13.04,2048,13.06,13.0,13.06,11.2918,5197.0
2019-03-18 14:30,{},13.17,2048,13.19,13.02,13.04,28.0786,12923.0
2019-03-18 15:00,{},13.27,2048,13.32,13.15,13.17,46.7013,21494.0
2019-03-19 10:00,{},13.16,2048,13.29,13.16,13.26,40.4155,18601.0
2019-03-19 10:30,{},13.34,2048,13.36,13.16,13.17,33.3584,15353.0
2019-03-19 11:00,{},13.25,2048,13.35,13.22,13.34,19.4484,8951.0
2019-03-19 11:30,{},13.22,2048,13.29,13.2,13.25,14.4988,6673.0
2019-03-19 13:30,{},13.26,2048,13.29,13.21,13.22,7.3266,3372.0
2019-03-19 14:00,{},13.22,2048,13.3,13.18,13.27,17.5038,8056.0
2019-03-19 14:30,{},13.23,2048,13.27,13.18,13.22,12.2609,5643.0
2019-03-19 15:00,{},13.25,2048,13.3,13.23,13.23,20.2045,9299.0
2019-03-20 10:00,{},13.21,2048,13.31,13.17,13.25,20.2241,9308.0
2019-03-20 10:30,{},13.24,2048,13.26,13.13,13.21,17.1605,7898.0
2019-03-20 11:00,{},13.23,2048,13.26,13.16,13.24,11.5591,5320.0
2019-03-20 11:30,{},13.06,2048,13.23,13.03,13.23,19.7852,9106.0
2019-03-20 13:30,{},13.04,2048,13.07,12.98,13.06,17.8145,8199.0
2019-03-20 14:00,{},13.0,2048,13.09,12.95,13.04,11.6786,5375.0
2019-03-20 14:30,{},13.14,2048,13.16,13.0,13.0,14.1903,6531.0
2019-03-20 15:00,{},13.21,2048,13.23,13.11,13.14,11.6634,5368.0
2019-03-21 10:00,{},13.12,2048,13.21,13.08,13.19,37.5084,17263.0
2019-03-21 10:30,{},13.17,2048,13.21,13.09,13.12,21.2518,9781.0
2019-03-21 11:00,{},13.14,2048,13.21,13.09,13.17,15.5222,7144.0
2019-03-21 11:30,{},13.16,2048,13.16,13.1,13.14,5.9338,2731.0
2019-03-21 13:30,{},13.18,2048,13.19,13.14,13.16,16.0285,7377.0
2019-03-21 14:00,{},13.13,2048,13.29,13.13,13.18,25.9949,11964.0
2019-03-21 14:30,{},13.14,2048,13.2,13.12,13.13,20.8954,9617.0
2019-03-21 15:00,{},13.17,2048,13.22,13.14,13.15,24.6391,11340.0
2019-03-22 10:00,{},13.17,2048,13.25,13.14,13.2,27.4724,12644.0
2019-03-22 10:30,{},13.11,2048,13.19,13.09,13.18,24.2372,11155.0
2019-03-22 11:00,{},13.06,2048,13.13,13.05,13.11,23.7809,10945.0
2019-03-22 11:30,{},13.11,2048,13.12,13.01,13.04,25.8341,11890.0
2019-03-22 13:30,{},13.33,2048,13.38,13.1,13.11,42.1842,19415.0
2019-03-22 14:00,{},13.47,2048,13.57,13.32,13.33,53.2305,24499.0
2019-03-22 14:30,{},13.41,2048,13.49,13.4,13.47,21.7993,10033.0
2019-03-22 15:00,{},13.43,2048,13.44,13.33,13.42,21.682,9979.0
2019-03-25 10:00,{},13.29,2048,13.35,13.14,13.29,46.0604,21199.0
2019-03-25 10:30,{},13.35,2048,13.36,13.27,13.29,13.6145,6266.0
2019-03-25 11:00,{},13.31,2048,13.43,13.31,13.35,17.9209,8248.0
2019-03-25 11:30,{},13.18,2048,13.34,13.16,13.31,24.2176,11146.0
2019-03-25 13:30,{},13.25,2048,13.28,13.13,13.18,15.1919,6992.0
2019-03-25 14:00,{},13.19,2048,13.26,13.18,13.25,17.6015,8101.0
2019-03-25 14:30,{},13.1,2048,13.29,13.1,13.19,31.5941,14541.0
2019-03-25 15:00,{},13.07,2048,13.15,13.04,13.1,30.0428,13827.0
2019-03-26 10:00,{},13.09,2048,13.15,12.99,13.08,39.4421,18153.0
2019-03-26 10:30,{},13.1,2048,13.15,13.06,13.09,12.1892,5610.0
2019-03-26 11:00,{},13.08,2048,13.16,13.07,13.11,8.8388,4068.0
2019-03-26 11:30,{},12.9,2048,13.09,12.9,13.08,17.6841,8139.0
2019-03-26 13:30,{},12.82,2048,12.92,12.73,12.9,24.9324,11475.0
2019-03-26 14:00,{},12.78,2048,12.85,12.74,12.82,8.7258,4016.0
2019-03-26 14:30,{},12.76,2048,12.79,12.7,12.78,16.1936,7453.0
2019-03-26 15:00,{},12.68,2048,12.77,12.56,12.76,23.3854,10763.0
2019-03-27 10:00,{},12.69,2048,12.79,12.58,12.79,18.959,10332.0
2019-03-27 10:30,{},12.61,2048,12.75,12.39,12.68,30.0147,16357.0
2019-03-27 11:00,{},12.63,2048,12.69,12.55,12.61,7.7748,4237.0
2019-03-27 11:30,{},12.63,2048,12.7,12.6,12.64,5.0939,2776.0
2019-03-27 13:30,{},12.6,2048,12.68,12.6,12.63,5.393,2939.0
2019-03-27 14:00,{},12.63,2048,12.65,12.57,12.6,7.0702,3853.0
2019-03-27 14:30,{},12.63,2048,12.69,12.62,12.63,6.0426,3293.0
2019-03-27 15:00,{},12.69,2048,12.7,12.61,12.63,10.4135,5675.0
2019-03-28 10:00,{},12.62,2048,12.7,12.55,12.65,21.1407,11521.0
2019-03-28 10:30,{},12.68,2048,12.75,12.59,12.62,14.3146,7801.0
2019-03-28 11:00,{},12.74,2048,12.79,12.66,12.68,7.9913,4355.0
2019-03-28 11:30,{},12.7,2048,12.77,12.68,12.74,8.3473,4549.0
2019-03-28 13:30,{},12.58,2048,12.7,12.57,12.7,10.7585,5863.0
2019-03-28 14:00,{},12.61,2048,12.62,12.56,12.58,8.3308,4540.0
2019-03-28 14:30,{},12.6,2048,12.63,12.54,12.61,10.7695,5869.0
2019-03-28 15:00,{},12.45,2048,12.62,12.4,12.6,12.7622,6955.0
2019-03-29 10:00,{},12.36,2048,12.6,12.31,12.51,19.6507,10709.0
2019-03-29 10:30,{},12.53,2048,12.53,12.27,12.36,23.9152,13033.0
2019-03-29 11:00,{},12.56,2048,12.59,12.48,12.53,18.7076,10195.0
2019-03-29 11:30,{},12.65,2048,12.66,12.55,12.56,17.491,9532.0
2019-03-29 13:30,{},12.67,2048,12.75,12.65,12.65,13.9898,7624.0
2019-03-29 14:00,{},12.7,2048,12.76,12.65,12.67,14.8009,8066.0
2019-03-29 14:30,{},12.8,2048,12.82,12.65,12.7,20.2746,11049.0
2019-03-29 15:00,{},12.75,2048,12.81,12.71,12.8,17.5956,9589.0
2019-04-01 10:00,{},13.18,2048,13.2,12.8,12.8,52.1151,28401.0
2019-04-01 10:30,{},13.21,2048,13.3,13.11,13.18,32.9048,17932.0
2019-04-01 11:00,{},13.29,2048,13.33,13.19,13.21,25.6823,13996.0
2019-04-01 11:30,{},13.32,2048,13.36,13.23,13.29,14.755,8041.0
2019-04-01 13:30,{},13.32,2048,13.35,13.27,13.32,17.836,9720.0
2019-04-01 14:00,{},13.31,2048,13.36,13.24,13.31,18.4855,10074.0
2019-04-01 14:30,{},13.45,2048,13.45,13.25,13.31,26.0365,14189.0
2019-04-01 15:00,{},13.47,2048,13.5,13.37,13.45,38.9033,21201.0
2019-04-02 10:00,{},13.84,2048,13.95,13.5,13.5,77.3442,42150.0
2019-04-02 10:30,{},13.8,2048,13.89,13.72,13.83,36.9784,20152.0
2019-04-02 11:00,{},13.68,2048,13.8,13.59,13.8,38.6904,21085.0
2019-04-02 11:30,{},13.76,2048,13.78,13.64,13.68,16.6065,9050.0
2019-04-02 13:30,{},13.72,2048,13.8,13.68,13.76,21.1132,11506.0
2019-04-02 14:00,{},13.75,2048,13.95,13.71,13.73,45.0468,24549.0
2019-04-02 14:30,{},13.71,2048,13.81,13.67,13.75,18.5975,10135.0
2019-04-02 15:00,{},13.74,2048,13.74,13.66,13.71,21.9903,11984.0
2019-04-03 10:00,{},13.77,2048,13.85,13.6,13.68,31.1487,16975.0
2019-04-03 10:30,{},13.77,2048,13.79,13.66,13.76,21.216,11562.0
2019-04-03 10:30,{},13.77,2048,13.79,13.66,13.76,21.215999999999998,11562.0
2019-04-03 11:00,{},13.72,2048,13.79,13.67,13.77,17.5479,9563.0
2019-04-03 11:30,{},13.78,2048,13.8,13.69,13.72,10.0538,5479.0
2019-04-03 13:30,{},13.72,2048,13.79,13.71,13.78,13.2485,7220.0
2019-04-03 14:00,{},13.83,2048,13.86,13.71,13.72,23.0601,12567.0
2019-04-03 14:30,{},13.92,2048,13.96,13.8,13.83,36.0169,19628.0
2019-04-03 15:00,{},13.89,2048,13.92,13.85,13.92,21.939,11956.0
2019-04-04 10:00,{},13.82,2048,14.15,13.8,13.97,48.8507,26622.0
2019-04-04 10:30,{},14.17,2048,14.17,13.79,13.82,52.2784,28490.0
2019-04-04 11:00,{},14.17,2048,14.32,14.15,14.17,46.0267,25083.0
2019-04-04 11:30,{},14.2,2048,14.22,14.09,14.17,18.1149,9872.0
2019-04-04 13:30,{},14.24,2048,14.28,14.18,14.2,20.693,11277.0
2019-04-04 14:00,{},14.28,2048,14.3,14.19,14.24,22.2417,12121.0
2019-04-04 14:30,{},14.23,2048,14.35,14.23,14.28,30.9046,16842.0
2019-04-04 15:00,{},14.28,2048,14.28,14.14,14.23,32.2827,17593.0
2019-04-08 10:00,{},14.08,2048,14.5,14.0,14.29,79.0067,43056.0
2019-04-08 10:30,{},14.08,2048,14.24,14.08,14.08,20.5352,11191.0
2019-04-08 11:00,{},14.15,2048,14.2,14.08,14.08,13.0265,7099.0
2019-04-08 11:30,{},14.01,2048,14.17,14.0,14.15,17.8158,9709.0
2019-04-08 13:30,{},13.94,2048,14.04,13.84,14.01,35.1086,19133.0
2019-04-08 14:00,{},13.96,2048,14.0,13.85,13.94,18.491,10077.0
2019-04-08 14:30,{},14.0,2048,14.05,13.92,13.96,13.0283,7100.0
2019-04-08 15:00,{},14.02,2048,14.07,13.94,14.0,18.08,9853.0
2019-04-09 10:00,{},14.06,2048,14.15,13.86,14.0,28.5926,15582.0
2019-04-09 10:30,{},14.0,2048,14.1,13.93,14.06,18.6342,10155.0
2019-04-09 11:00,{},14.01,2048,14.02,13.95,14.0,12.2007,6649.0
2019-04-09 11:30,{},13.96,2048,14.02,13.92,14.01,18.2929,9969.0
2019-04-09 13:30,{},13.82,2048,13.96,13.76,13.96,38.1803,20807.0
2019-04-09 14:00,{},13.8,2048,13.89,13.74,13.82,24.6657,13442.0
2019-04-09 14:30,{},13.77,2048,13.81,13.72,13.8,22.6436,12340.0
2019-04-09 15:00,{},13.84,2048,13.87,13.7,13.76,29.1706,15897.0
2019-04-10 10:00,{},13.82,2048,13.96,13.76,13.84,29.4367,16042.0
2019-04-10 10:30,{},13.96,2048,13.98,13.73,13.82,27.2549,14853.0
2019-04-10 11:00,{},14.21,2048,14.29,13.88,13.96,42.8026,23326.0
2019-04-10 11:30,{},14.19,2048,14.35,14.18,14.21,35.9894,19613.0
2019-04-10 13:30,{},13.99,2048,14.21,13.97,14.19,25.0199,13635.0
2019-04-10 14:00,{},14.03,2048,14.13,13.96,13.99,23.4987,12806.0
2019-04-10 14:30,{},14.03,2048,14.16,13.97,14.04,16.0469,8745.0
2019-04-10 15:00,{},13.97,2048,14.04,13.92,14.03,17.7864,9693.0
2019-04-11 10:00,{},14.6,2048,14.68,13.99,13.99,106.8891,58251.0
2019-04-11 10:30,{},14.36,2048,14.63,14.32,14.61,42.1567,22974.0
2019-04-11 11:00,{},14.22,2048,14.37,14.17,14.37,28.7247,15654.0
2019-04-11 11:30,{},14.11,2048,14.25,14.03,14.23,23.7501,12943.0
2019-04-11 13:30,{},14.05,2048,14.14,14.04,14.11,18.8287,10261.0
2019-04-11 14:00,{},14.07,2048,14.12,14.03,14.05,13.6852,7458.0
2019-04-11 14:30,{},14.07,2048,14.19,14.04,14.07,22.6986,12370.0
2019-04-11 15:00,{},14.0,2048,14.07,13.9,14.07,36.349000000000004,19809.0
2019-04-11 15:00,{},14.0,2048,14.07,13.9,14.07,36.349,19809.0
2019-04-12 10:00,{},14.08,2048,14.16,13.83,13.95,37.4995,20436.0
2019-04-12 10:30,{},14.24,2048,14.26,14.04,14.08,30.0,16349.0
2019-04-12 11:00,{},14.24,2048,14.37,14.16,14.24,29.6569,16162.0
2019-04-12 11:30,{},14.38,2048,14.45,14.24,14.24,41.1658,22434.0
2019-04-12 13:30,{},14.32,2048,14.43,14.3,14.38,27.6586,15073.0
2019-04-12 14:00,{},14.21,2048,14.36,14.19,14.32,18.5332,10100.0
2019-04-12 14:30,{},14.3,2048,14.36,14.08,14.21,32.3488,17629.0
2019-04-12 15:00,{},14.3,2048,14.34,14.26,14.3,35.3453,19262.0
2019-04-15 10:00,{},14.16,2048,14.65,14.11,14.65,81.2655,44287.0
2019-04-15 10:30,{},14.15,2048,14.2,14.04,14.16,38.2133,20825.0
2019-04-15 11:00,{},14.08,2048,14.21,14.04,14.15,23.8785,13013.0
2019-04-15 11:30,{},14.04,2048,14.12,14.0,14.08,22.9959,12532.0
2019-04-15 13:30,{},13.98,2048,14.05,13.88,14.04,26.5686,14479.0
2019-04-15 14:00,{},13.88,2048,14.03,13.86,13.98,21.8087,11885.0
2019-04-15 14:30,{},13.81,2048,13.91,13.79,13.88,17.836,9720.0
2019-04-15 15:00,{},13.65,2048,13.86,13.58,13.82,33.8975,18473.0
2019-04-16 10:00,{},13.83,2048,13.91,13.58,13.65,48.4433,26400.0
2019-04-16 10:30,{},13.75,2048,13.85,13.64,13.83,14.7202,8022.0
2019-04-16 11:00,{},13.67,2048,13.83,13.67,13.75,13.0008,7085.0
2019-04-16 11:30,{},13.81,2048,13.82,13.6,13.67,9.34,5090.0
2019-04-16 13:30,{},13.78,2048,13.87,13.75,13.81,11.3915,6208.0
2019-04-16 14:00,{},13.79,2048,13.81,13.69,13.78,12.7366,6941.0
2019-04-16 14:30,{},13.86,2048,13.89,13.77,13.79,20.9554,11420.0
2019-04-16 15:00,{},13.87,2048,13.89,13.81,13.87,15.2853,8330.0
2019-04-17 10:00,{},14.0,2048,14.03,13.71,13.83,35.1049,19131.0
2019-04-17 10:30,{},14.03,2048,14.1,13.93,14.0,21.1206,11510.0
2019-04-17 11:00,{},14.02,2048,14.15,14.01,14.03,16.4964,8990.0
2019-04-17 11:30,{},13.96,2048,14.04,13.88,14.02,13.9917,7625.0
2019-04-17 13:30,{},14.23,2048,14.28,13.95,13.96,32.0754,17480.0
2019-04-17 14:00,{},14.16,2048,14.24,14.12,14.23,20.2893,11057.0
2019-04-17 14:30,{},14.05,2048,14.21,14.02,14.16,20.86,11368.0
2019-04-17 15:00,{},14.11,2048,14.15,14.02,14.05,21.1169,11508.0
2019-04-18 10:00,{},14.16,2048,14.3,14.11,14.14,35.7857,19502.0
2019-04-18 10:30,{},14.02,2048,14.17,13.95,14.16,19.5094,10632.0
2019-04-18 11:00,{},14.01,2048,14.1,14.0,14.02,7.6133,4149.0
2019-04-18 11:30,{},13.97,2048,14.08,13.95,14.01,15.2725,8323.0
2019-04-18 13:30,{},13.96,2048,14.02,13.95,13.97,12.5476,6838.0
2019-04-18 14:00,{},13.95,2048,14.0,13.94,13.96,8.8024,4797.0
2019-04-18 14:30,{},13.95,2048,14.01,13.94,13.95,13.4265,7317.0
2019-04-18 15:00,{},14.0,2048,14.05,13.95,13.95,21.849,11907.0
2019-04-19 10:00,{},13.97,2048,14.07,13.84,13.98,17.7314,9663.0
2019-04-19 10:30,{},13.79,2048,13.99,13.75,13.97,16.979,9253.0
2019-04-19 11:00,{},13.7,2048,13.89,13.67,13.79,19.7957,10788.0
2019-04-19 11:30,{},13.91,2048,13.95,13.7,13.7,9.6978,5285.0
2019-04-19 13:30,{},13.88,2048,13.97,13.82,13.91,13.4082,7307.0
2019-04-19 14:00,{},13.85,2048,13.96,13.8,13.88,6.8683,3743.0
2019-04-19 14:30,{},13.9,2048,13.97,13.83,13.85,8.2922,4519.0
2019-04-19 15:00,{},13.95,2048,13.98,13.89,13.9,12.1017,6595.0
2019-04-22 10:00,{},13.89,2048,14.1,13.84,14.03,26.5668,14478.0
2019-04-22 10:30,{},13.88,2048,13.96,13.79,13.89,13.1439,7163.0
2019-04-22 11:00,{},13.8,2048,13.89,13.78,13.88,11.5842,6313.0
2019-04-22 11:30,{},13.77,2048,13.9,13.7,13.8,16.5423,9015.0
2019-04-22 13:30,{},13.77,2048,13.82,13.7,13.77,8.2611,4502.0
2019-04-22 14:00,{},13.73,2048,13.82,13.66,13.77,12.0723,6579.0
2019-04-22 14:30,{},13.68,2048,13.75,13.67,13.73,9.8942,5392.0
2019-04-22 15:00,{},13.76,2048,13.76,13.62,13.68,14.0999,7684.0
2019-04-23 10:00,{},13.58,2048,13.75,13.4,13.75,36.5876,19939.0
2019-04-23 10:30,{},13.48,2048,13.59,13.41,13.58,17.1533,9348.0
2019-04-23 11:00,{},13.24,2048,13.49,13.22,13.48,24.5721,13391.0
2019-04-23 11:30,{},13.27,2048,13.35,13.19,13.24,14.7293,8027.0
2019-04-23 13:30,{},13.28,2048,13.34,13.26,13.27,9.6685,5269.0
2019-04-23 14:00,{},13.3,2048,13.44,13.28,13.28,14.7348,8030.0
2019-04-23 14:30,{},13.32,2048,13.38,13.23,13.3,14.0669,7666.0
2019-04-23 15:00,{},13.2,2048,13.32,13.16,13.32,22.1151,12052.0
2019-04-24 10:00,{},13.51,2048,13.65,13.2,13.22,43.999,23978.0
2019-04-24 10:00,{},13.51,2048,13.65,13.2,13.22,43.998999999999995,23978.0
2019-04-24 10:30,{},13.55,2048,13.66,13.48,13.5,32.5121,17718.0
2019-04-24 11:00,{},13.44,2048,13.55,13.4,13.55,13.3861,7295.0
2019-04-24 11:30,{},13.37,2048,13.5,13.29,13.44,12.5751,6853.0
2019-04-24 13:30,{},13.49,2048,13.5,13.37,13.37,12.709000000000001,6926.0
2019-04-24 13:30,{},13.49,2048,13.5,13.37,13.37,12.709,6926.0
2019-04-24 14:00,{},13.42,2048,13.54,13.4,13.49,12.9788,7073.0
2019-04-24 14:30,{},13.45,2048,13.48,13.38,13.43,15.0358,8194.0
2019-04-24 15:00,{},13.45,2048,13.49,13.43,13.45,16.2817,8873.0
2019-04-25 10:00,{},13.68,2048,13.79,13.47,13.5,41.575,22657.0
2019-04-25 10:30,{},13.73,2048,13.79,13.63,13.68,22.4105,12213.0
2019-04-25 11:00,{},13.75,2048,13.79,13.68,13.73,14.2522,7767.0
2019-04-25 11:30,{},13.79,2048,13.86,13.71,13.75,17.6176,9601.0
2019-04-25 13:30,{},13.73,2048,13.82,13.69,13.79,14.711,8017.0
2019-04-25 13:30,{},13.73,2048,13.82,13.69,13.79,14.710999999999999,8017.0
2019-04-25 14:00,{},13.65,2048,13.75,13.59,13.73,16.8781,9198.0
2019-04-25 14:30,{},13.49,2048,13.67,13.42,13.65,31.9726,17424.0
2019-04-25 15:00,{},13.38,2048,13.49,13.19,13.49,24.5978,13405.0
2019-04-26 10:00,{},13.18,2048,13.36,13.02,13.28,36.3875,19830.0
2019-04-26 10:30,{},13.15,2048,13.26,13.1,13.18,13.5623,7391.0
2019-04-26 11:00,{},13.18,2048,13.21,13.1,13.15,13.4137,7310.0
2019-04-26 11:30,{},13.18,2048,13.26,13.14,13.18,9.8795,5384.0
2019-04-26 13:30,{},13.32,2048,13.36,13.13,13.18,11.3218,6170.0
2019-04-26 14:00,{},13.07,2048,13.32,13.05,13.32,16.8029,9157.0
2019-04-26 14:30,{},13.1,2048,13.14,13.02,13.07,18.102,9865.0
2019-04-26 15:00,{},13.02,2048,13.14,12.94,13.08,19.6984,10735.0
2019-04-29 10:00,{},12.78,2048,13.01,12.75,13.01,29.221999999999998,15925.0
2019-04-29 10:00,{},12.78,2048,13.01,12.75,13.01,29.222,15925.0
2019-04-29 10:30,{},12.59,2048,12.88,12.51,12.78,26.4053,14390.0
2019-04-29 11:00,{},12.6,2048,12.65,12.43,12.59,28.1265,15328.0
2019-04-29 11:30,{},12.77,2048,12.85,12.52,12.6,21.2013,11554.0
2019-04-29 13:30,{},12.74,2048,12.78,12.63,12.75,10.4832,5713.0
2019-04-29 14:00,{},12.72,2048,12.82,12.7,12.74,9.4831,5168.0
2019-04-29 14:30,{},12.56,2048,12.77,12.54,12.72,12.1989,6648.0
2019-04-29 15:00,{},12.55,2048,12.65,12.45,12.56,29.8293,16256.0
2019-04-30 10:00,{},12.66,2048,12.73,12.53,12.53,27.5063,14990.0
2019-04-30 10:30,{},12.7,2048,12.76,12.62,12.66,10.8355,5905.0
2019-04-30 11:00,{},12.83,2048,12.85,12.68,12.7,15.067,8211.0
2019-04-30 11:30,{},12.83,2048,12.87,12.79,12.81,11.5512,6295.0
2019-04-30 13:30,{},12.8,2048,12.84,12.72,12.83,7.8097,4256.0
2019-04-30 14:00,{},12.79,2048,12.87,12.71,12.8,10.2575,5590.0
2019-04-30 14:30,{},12.76,2048,12.79,12.63,12.79,9.3107,5074.0
2019-04-30 15:00,{},12.7,2048,12.76,12.59,12.76,25.9814,14159.0
2019-05-06 10:00,{},12.14,2048,12.38,11.94,12.19,54.1813,29527.0
2019-05-06 10:30,{},11.99,2048,12.2,11.98,12.14,14.7844,8057.0
2019-05-06 11:00,{},11.84,2048,12.09,11.78,11.99,22.5427,12285.0
2019-05-06 11:30,{},11.69,2048,11.88,11.62,11.84,21.6582,11803.0
2019-05-06 13:30,{},11.6,2048,11.75,11.55,11.69,14.8046,8068.0
2019-05-06 14:00,{},11.48,2048,11.64,11.48,11.6,18.6782,10179.0
2019-05-06 14:30,{},11.44,2048,11.65,11.43,11.49,42.8448,23349.0
2019-05-06 15:00,{},11.57,2048,11.61,11.43,11.44,20.5297,11188.0
2019-05-07 10:00,{},11.74,2048,11.77,11.63,11.67,41.6227,22683.0
2019-05-07 10:30,{},11.81,2048,11.85,11.71,11.74,29.0495,15831.0
2019-05-07 11:00,{},11.98,2048,11.99,11.8,11.81,22.7702,12409.0
2019-05-07 11:30,{},12.01,2048,12.09,11.96,11.98,17.8598,9733.0
2019-05-07 13:30,{},11.86,2048,12.02,11.81,12.01,19.3718,10557.0
2019-05-07 14:00,{},11.98,2048,11.98,11.86,11.86,13.0467,7110.0
2019-05-07 14:30,{},11.97,2048,11.99,11.83,11.98,13.6651,7447.0
2019-05-07 15:00,{},12.0,2048,12.05,11.94,11.97,13.9495,7602.0
2019-05-08 10:00,{},11.89,2048,11.97,11.67,11.78,27.4072,14936.0
2019-05-08 10:30,{},12.0,2048,12.05,11.88,11.89,14.2247,7752.0
2019-05-08 11:00,{},11.98,2048,12.07,11.95,12.0,8.8574,4827.0
2019-05-08 11:30,{},12.04,2048,12.15,11.91,11.98,10.7585,5863.0
2019-05-08 13:30,{},12.02,2048,12.08,11.95,12.04,6.5986,3596.0
2019-05-08 14:00,{},11.94,2048,12.04,11.88,12.02,8.2941,4520.0
2019-05-08 14:30,{},11.86,2048,12.04,11.85,11.94,10.9585,5972.0
2019-05-08 15:00,{},11.88,2048,11.93,11.8,11.86,13.0265,7099.0
2019-05-09 10:00,{},12.19,2048,12.34,11.8,11.92,42.309,23057.0
2019-05-09 10:30,{},12.07,2048,12.2,12.05,12.19,15.9991,8719.0
2019-05-09 11:00,{},12.02,2048,12.12,11.99,12.07,19.2544,10493.0
2019-05-09 11:30,{},12.0,2048,12.1,12.0,12.02,7.5417,4110.0
2019-05-09 13:30,{},12.03,2048,12.12,11.99,12.0,11.5273,6282.0
2019-05-09 14:00,{},12.02,2048,12.08,12.0,12.03,7.0169,3824.0
2019-05-09 14:30,{},12.0,2048,12.05,11.97,12.02,18.1974,9917.0
2019-05-09 15:00,{},11.97,2048,12.08,11.94,12.0,18.0727,9849.0
2019-05-10 10:00,{},12.31,2048,12.33,12.09,12.09,25.5704,13935.0
2019-05-10 10:30,{},12.13,2048,12.31,12.12,12.31,13.6669,7448.0
2019-05-10 11:00,{},12.06,2048,12.17,12.02,12.13,8.9712,4889.0
2019-05-10 11:30,{},12.03,2048,12.08,11.99,12.07,6.9435,3784.0
2019-05-10 13:30,{},12.05,2048,12.12,11.74,12.03,20.4379,11138.0
2019-05-10 14:00,{},12.08,2048,12.11,12.03,12.03,9.9566,5426.0
2019-05-10 14:30,{},12.16,2048,12.2,12.06,12.08,16.5368,9012.0
2019-05-10 15:00,{},12.21,2048,12.23,12.13,12.16,14.9202,8131.0
2019-05-13 10:00,{},12.22,2048,12.33,12.0,12.18,28.2659,15404.0
2019-05-13 10:30,{},12.15,2048,12.24,12.05,12.22,12.0301,6556.0
2019-05-13 11:00,{},12.11,2048,12.2,12.08,12.15,8.9198,4861.0
2019-05-13 11:30,{},12.04,2048,12.12,12.0,12.11,8.4244,4591.0
2019-05-13 13:30,{},11.93,2048,12.08,11.93,12.04,12.4485,6784.0
2019-05-13 14:00,{},11.94,2048,12.0,11.92,11.95,9.5602,5210.0
2019-05-13 14:30,{},11.84,2048,12.0,11.81,11.94,17.6561,9622.0
2019-05-13 15:00,{},11.93,2048,11.94,11.8,11.84,12.9678,7067.0
2019-05-14 10:00,{},11.84,2048,11.97,11.76,11.88,25.3061,13791.0
2019-05-14 10:30,{},11.97,2048,12.0,11.84,11.84,10.4575,5699.0
2019-05-14 11:00,{},11.87,2048,12.0,11.85,11.97,7.3729,4018.0
2019-05-14 11:30,{},11.84,2048,11.9,11.78,11.87,7.4005,4033.0
2019-05-14 13:30,{},11.89,2048,11.95,11.8,11.84,10.9768,5982.0
2019-05-14 14:00,{},11.87,2048,11.93,11.81,11.89,4.8884,2664.0
2019-05-14 14:30,{},11.91,2048,11.91,11.82,11.87,6.9821,3805.0
2019-05-14 15:00,{},11.87,2048,11.91,11.84,11.91,10.9108,5946.0
2019-05-15 10:00,{},11.93,2048,12.07,11.9,12.04,21.1976,11552.0
2019-05-15 10:30,{},11.84,2048,11.95,11.83,11.93,17.4176,9492.0
2019-05-15 11:00,{},11.79,2048,11.86,11.72,11.84,20.1388,10975.0
2019-05-15 11:30,{},11.8,2048,11.84,11.75,11.8,10.5144,5730.0
2019-05-15 13:30,{},11.85,2048,11.88,11.8,11.8,14.8743,8106.0
2019-05-15 14:00,{},11.87,2048,11.89,11.82,11.85,15.4468,8418.0
2019-05-15 14:30,{},11.87,2048,11.93,11.86,11.87,24.3134,13250.0
2019-05-15 15:00,{},11.88,2048,11.9,11.82,11.88,23.284,12689.0
2019-05-16 10:00,{},11.86,2048,11.91,11.78,11.85,20.4233,11130.0
2019-05-16 10:30,{},11.87,2048,11.88,11.82,11.86,10.5621,5756.0
2019-05-16 11:00,{},11.85,2048,11.89,11.85,11.87,10.1621,5538.0
2019-05-16 11:30,{},11.88,2048,11.88,11.84,11.85,5.037,2745.0
2019-05-16 13:30,{},11.89,2048,11.9,11.86,11.88,9.4189,5133.0
2019-05-16 14:00,{},11.88,2048,11.92,11.86,11.89,12.3659,6739.0
2019-05-16 14:30,{},11.85,2048,11.89,11.84,11.88,8.5583,4664.0
2019-05-16 15:00,{},11.87,2048,11.88,11.8,11.85,22.8106,12431.0
2019-05-17 10:00,{},11.73,2048,11.9,11.67,11.85,23.1537,12618.0
2019-05-17 10:30,{},11.6,2048,11.73,11.57,11.73,20.8985,11389.0
2019-05-17 11:00,{},11.41,2048,11.62,11.41,11.6,29.9321,16312.0
2019-05-17 11:30,{},11.29,2048,11.44,11.28,11.41,31.8019,17331.0
2019-05-17 13:30,{},11.28,2048,11.38,11.25,11.29,24.4217,13309.0
2019-05-17 14:00,{},11.16,2048,11.34,11.11,11.28,24.5318,13369.0
2019-05-17 14:30,{},11.11,2048,11.19,11.04,11.16,29.1412,15881.0
2019-05-17 15:00,{},11.1,2048,11.12,11.02,11.11,31.2147,17011.0
2019-05-20 10:00,{},10.96,2048,11.2,10.9,11.17,33.78,18409.0
2019-05-20 10:30,{},10.93,2048,10.98,10.87,10.96,20.5554,11202.0
2019-05-20 11:00,{},11.02,2048,11.03,10.89,10.92,21.082,11489.0
2019-05-20 11:30,{},11.03,2048,11.06,10.94,11.01,9.2006,5014.0
2019-05-20 13:30,{},10.95,2048,11.07,10.95,11.03,7.9197,4316.0
2019-05-20 14:00,{},10.99,2048,11.03,10.94,10.95,9.7602,5319.0
2019-05-20 14:30,{},10.96,2048,11.01,10.93,10.99,11.2649,6139.0
2019-05-20 15:00,{},11.02,2048,11.02,10.95,10.97,13.366,7284.0
2019-05-21 10:00,{},11.2,2048,11.25,11.0,11.08,27.5778,15029.0
2019-05-21 10:30,{},11.26,2048,11.26,11.15,11.2,14.9826,8165.0
2019-05-21 11:00,{},11.4,2048,11.45,11.22,11.25,23.2143,12651.0
2019-05-21 11:30,{},11.41,2048,11.44,11.37,11.4,13.3586,7280.0
2019-05-21 13:30,{},11.38,2048,11.44,11.34,11.41,8.4207,4589.0
2019-05-21 14:00,{},11.39,2048,11.39,11.33,11.38,7.628,4157.0
2019-05-21 14:30,{},11.36,2048,11.41,11.29,11.39,13.777,7508.0
2019-05-21 15:00,{},11.41,2048,11.43,11.31,11.36,19.1388,10430.0
2019-05-22 10:00,{},11.53,2048,11.59,11.29,11.43,19.9242,10858.0
2019-05-22 10:30,{},11.47,2048,11.54,11.42,11.53,13.0118,7091.0
2019-05-22 11:00,{},11.49,2048,11.5,11.41,11.47,10.7218,5843.0
2019-05-22 11:30,{},11.53,2048,11.53,11.43,11.49,7.9069,4309.0
2019-05-22 13:30,{},11.49,2048,11.56,11.47,11.53,12.3916,6753.0
2019-05-22 14:00,{},11.51,2048,11.52,11.46,11.49,11.8264,6445.0
2019-05-22 14:30,{},11.47,2048,11.54,11.45,11.51,11.4227,6225.0
2019-05-22 15:00,{},11.45,2048,11.52,11.44,11.47,10.4575,5699.0
2019-05-23 10:00,{},11.26,2048,11.52,11.2,11.52,17.001,9265.0
2019-05-23 10:30,{},11.31,2048,11.4,11.26,11.27,6.5454,3567.0
2019-05-23 11:00,{},11.32,2048,11.4,11.31,11.31,4.0902,2229.0
2019-05-23 11:30,{},11.37,2048,11.38,11.27,11.32,9.3125,5075.0
2019-05-23 13:30,{},11.46,2048,11.48,11.35,11.37,11.2411,6126.0
2019-05-23 14:00,{},11.46,2048,11.5,11.42,11.46,12.9384,7051.0
2019-05-23 14:30,{},11.47,2048,11.51,11.42,11.46,13.5972,7410.0
2019-05-23 15:00,{},11.6,2048,11.62,11.35,11.47,29.3541,15997.0
2019-05-24 10:00,{},11.3,2048,11.49,11.22,11.46,33.8993,18474.0
2019-05-24 10:30,{},11.26,2048,11.32,11.25,11.3,15.9478,8691.0
2019-05-24 11:00,{},11.26,2048,11.28,11.16,11.26,11.7237,6389.0
2019-05-24 11:30,{},11.17,2048,11.28,11.16,11.26,9.4097,5128.0
2019-05-24 13:30,{},11.23,2048,11.24,11.13,11.17,6.2995,3433.0
2019-05-24 14:00,{},11.17,2048,11.24,11.13,11.23,9.852,5369.0
2019-05-24 14:30,{},11.32,2048,11.34,11.14,11.16,12.1567,6625.0
2019-05-24 15:00,{},11.24,2048,11.35,11.24,11.32,8.9932,4901.0
2019-05-27 10:00,{},11.08,2048,11.3,11.06,11.24,28.11,15319.0
2019-05-27 10:30,{},11.01,2048,11.11,10.96,11.08,16.5496,9019.0
2019-05-27 11:00,{},10.94,2048,11.07,10.93,11.01,13.7513,7494.0
2019-05-27 11:30,{},11.08,2048,11.08,10.93,10.94,7.4188,4043.0
2019-05-27 13:30,{},11.12,2048,11.16,11.06,11.08,36.6866,19993.0
2019-05-27 14:00,{},11.21,2048,11.24,11.09,11.12,13.1898,7188.0
2019-05-27 14:30,{},11.25,2048,11.27,11.18,11.21,7.5436,4111.0
2019-05-27 15:00,{},11.25,2048,11.29,11.24,11.25,11.6558,6352.0
2019-05-28 10:00,{},11.26,2048,11.29,11.18,11.25,22.8271,12440.0
2019-05-28 10:30,{},11.21,2048,11.27,11.2,11.26,11.3622,6192.0
2019-05-28 11:00,{},11.25,2048,11.26,11.16,11.21,14.8358,8085.0
2019-05-28 11:30,{},11.26,2048,11.27,11.22,11.25,6.9013,3761.0
2019-05-28 13:30,{},11.37,2048,11.44,11.26,11.26,16.1496,8801.0
2019-05-28 14:00,{},11.27,2048,11.38,11.27,11.37,7.672,4181.0
2019-05-28 14:30,{},11.2,2048,11.27,11.2,11.27,9.2923,5064.0
2019-05-28 15:00,{},11.2,2048,11.22,11.16,11.21,7.4665,4069.0
2019-05-29 10:00,{},11.1,2048,11.19,11.08,11.19,15.4615,8426.0
2019-05-29 10:30,{},11.14,2048,11.16,11.09,11.1,5.9416,3238.0
2019-05-29 11:00,{},11.11,2048,11.15,11.11,11.14,3.8443,2095.0
2019-05-29 11:30,{},11.13,2048,11.16,11.11,11.11,2.7947,1523.0
2019-05-29 13:30,{},11.14,2048,11.18,11.13,11.13,5.4572,2974.0
2019-05-29 14:00,{},11.17,2048,11.21,11.14,11.14,9.1033,4961.0
2019-05-29 14:30,{},11.19,2048,11.2,11.14,11.17,12.5586,6844.0
2019-05-29 15:00,{},11.19,2048,11.23,11.14,11.19,25.4162,13851.0
2019-05-30 10:00,{},11.0,2048,11.18,10.97,11.18,26.3906,14382.0
2019-05-30 10:30,{},11.01,2048,11.03,10.98,11.0,10.7585,5863.0
2019-05-30 11:00,{},10.97,2048,11.03,10.96,11.01,9.7859,5333.0
2019-05-30 11:30,{},11.0,2048,11.03,10.97,10.97,4.9214,2682.0
2019-05-30 13:30,{},10.95,2048,11.02,10.94,10.99,11.6998,6376.0
2019-05-30 14:00,{},10.88,2048,10.95,10.85,10.94,16.9735,9250.0
2019-05-30 14:30,{},10.99,2048,10.99,10.87,10.88,11.8356,6450.0
2019-05-30 15:00,{},11.06,2048,11.1,10.96,10.96,15.0761,8216.0
2019-05-31 10:00,{},11.12,2048,11.12,11.03,11.1,14.0798,7673.0
2019-05-31 10:30,{},11.09,2048,11.15,11.09,11.12,9.7694,5324.0
2019-05-31 11:00,{},11.05,2048,11.14,11.04,11.09,10.7273,5846.0
2019-05-31 11:30,{},11.06,2048,11.08,11.01,11.05,5.7783,3149.0
2019-05-31 13:30,{},11.04,2048,11.1,11.04,11.06,6.1343,3343.0
2019-05-31 14:00,{},11.02,2048,11.06,11.01,11.04,15.2652,8319.0
2019-05-31 14:30,{},11.02,2048,11.06,11.0,11.02,9.3584,5100.0
2019-05-31 15:00,{},11.0,2048,11.05,11.0,11.02,14.0155,7638.0
2019-06-03 10:00,{},11.12,2048,11.21,11.02,11.02,23.4675,12789.0
2019-06-03 10:30,{},11.0,2048,11.14,11.0,11.12,12.4466,6783.0
2019-06-03 11:00,{},11.03,2048,11.06,10.97,11.0,11.2209,6115.0
2019-06-03 11:30,{},11.02,2048,11.07,10.95,11.03,13.5715,7396.0
2019-06-03 13:30,{},11.0,2048,11.06,10.99,11.02,8.0243,4373.0
2019-06-03 14:00,{},11.0,2048,11.05,11.0,11.0,8.0482,4386.0
2019-06-03 14:30,{},11.05,2048,11.05,10.99,11.0,9.9621,5429.0
2019-06-03 15:00,{},11.11,2048,11.13,11.02,11.02,14.2229,7751.0
2019-06-04 10:00,{},10.97,2048,11.12,10.93,11.12,16.5827,9037.0
2019-06-04 10:30,{},10.92,2048,11.01,10.88,10.97,11.397,6211.0
2019-06-04 11:00,{},10.92,2048,10.93,10.87,10.93,6.3141,3441.0
2019-06-04 11:30,{},10.9,2048,10.91,10.85,10.9,5.349,2915.0
2019-06-04 13:30,{},10.81,2048,10.94,10.73,10.9,13.265,7229.0
2019-06-04 14:00,{},10.79,2048,10.82,10.71,10.8,10.2887,5607.0
2019-06-04 14:30,{},10.78,2048,10.82,10.75,10.79,7.1014,3870.0
2019-06-04 15:00,{},10.79,2048,10.79,10.71,10.78,17.3515,9456.0
2019-06-05 10:00,{},10.84,2048,10.93,10.8,10.92,9.8777,5383.0
2019-06-05 10:30,{},10.81,2048,10.85,10.76,10.84,8.9914,4900.0
2019-06-05 11:00,{},10.76,2048,10.85,10.75,10.81,10.0832,5495.0
2019-06-05 11:30,{},10.75,2048,10.8,10.75,10.76,7.2151,3932.0
2019-06-05 13:30,{},10.83,2048,10.86,10.75,10.75,11.4998,6267.0
2019-06-05 14:00,{},10.8,2048,10.83,10.79,10.82,7.25,3951.0
2019-06-05 14:30,{},10.8,2048,10.83,10.79,10.8,4.6425,2530.0
2019-06-05 15:00,{},10.8,2048,10.83,10.79,10.8,7.3307,3995.0
2019-06-06 10:00,{},10.65,2048,10.8,10.62,10.8,14.7,8011.0
2019-06-06 10:30,{},10.66,2048,10.73,10.64,10.65,6.0261,3284.0
2019-06-06 11:00,{},10.64,2048,10.7,10.63,10.66,5.2168,2843.0
2019-06-06 11:30,{},10.69,2048,10.7,10.61,10.64,6.6004,3597.0
2019-06-06 13:30,{},10.63,2048,10.7,10.6,10.69,3.3819,1843.0
2019-06-06 14:00,{},10.61,2048,10.65,10.6,10.63,4.1801,2278.0
2019-06-06 14:30,{},10.6,2048,10.62,10.57,10.61,9.6611,5265.0
2019-06-06 15:00,{},10.57,2048,10.62,10.56,10.6,7.7161,4205.0
2019-06-10 10:00,{},10.56,2048,10.73,10.52,10.56,9.9988,5449.0
2019-06-10 10:30,{},10.6,2048,10.64,10.56,10.59,5.0388,2746.0
2019-06-10 11:00,{},10.73,2048,10.73,10.57,10.6,8.3363,4543.0
2019-06-10 11:30,{},10.71,2048,10.75,10.67,10.73,4.7709,2600.0
2019-06-10 13:30,{},10.66,2048,10.74,10.65,10.71,6.3453,3458.0
2019-06-10 14:00,{},10.61,2048,10.68,10.61,10.66,5.1526,2808.0
2019-06-10 14:30,{},10.59,2048,10.63,10.57,10.61,3.1708,1728.0
2019-06-10 15:00,{},10.63,2048,10.65,10.58,10.59,5.7985,3160.0
2019-06-11 10:00,{},10.74,2048,10.74,10.58,10.63,12.8467,7001.0
2019-06-11 10:30,{},10.87,2048,10.88,10.72,10.74,17.7736,9686.0
2019-06-11 11:00,{},10.91,2048,10.92,10.83,10.87,14.744,8035.0
2019-06-11 11:30,{},10.93,2048,10.93,10.85,10.88,13.1127,7146.0
2019-06-11 13:30,{},10.92,2048,10.94,10.88,10.93,14.3972,7846.0
2019-06-11 14:00,{},11.04,2048,11.04,10.9,10.92,18.3846,10019.0
2019-06-11 14:30,{},11.04,2048,11.05,10.98,11.04,14.0651,7665.0
2019-06-11 15:00,{},11.03,2048,11.06,11.0,11.04,15.6358,8521.0
2019-06-12 10:00,{},11.04,2048,11.05,10.94,11.02,20.7554,11311.0
2019-06-12 10:30,{},10.98,2048,11.05,10.85,11.04,19.8966,10843.0
2019-06-12 11:00,{},10.95,2048,10.98,10.91,10.98,7.5491,4114.0
2019-06-12 11:30,{},10.92,2048,10.97,10.91,10.95,5.5471,3023.0
2019-06-12 13:30,{},10.91,2048,10.95,10.89,10.92,6.5931,3593.0
2019-06-12 14:00,{},10.92,2048,10.96,10.9,10.91,4.0736,2220.0
2019-06-12 14:30,{},10.95,2048,10.97,10.91,10.92,6.1013,3325.0
2019-06-12 15:00,{},10.91,2048,10.96,10.91,10.95,4.9838,2716.0
2019-06-13 10:00,{},10.91,2048,10.96,10.88,10.89,10.8429,5909.0
2019-06-13 10:30,{},10.86,2048,10.93,10.83,10.91,8.4794,4621.0
2019-06-13 11:00,{},10.91,2048,10.92,10.85,10.86,4.5562,2483.0
2019-06-13 11:30,{},11.03,2048,11.08,10.89,10.91,14.7495,8038.0
2019-06-13 13:30,{},10.99,2048,11.05,10.97,11.03,4.8664,2652.0
2019-06-13 14:00,{},11.03,2048,11.05,10.98,10.99,4.9012,2671.0
2019-06-13 14:30,{},10.98,2048,11.04,10.96,11.03,2.6258,1431.0
2019-06-13 15:00,{},11.0,2048,11.03,10.98,10.98,5.5985,3051.0
2019-06-14 10:00,{},10.93,2048,11.07,10.91,10.95,16.7515,9129.0
2019-06-14 10:30,{},10.97,2048,10.99,10.91,10.93,6.6775,3639.0
2019-06-14 11:00,{},10.94,2048,11.0,10.93,10.97,6.4132,3495.0
2019-06-14 11:30,{},10.88,2048,10.96,10.88,10.94,6.8389,3727.0
2019-06-14 13:30,{},10.9,2048,10.94,10.88,10.88,4.9434,2694.0
2019-06-14 14:00,{},10.86,2048,10.92,10.84,10.9,9.0941,4956.0
2019-06-14 14:30,{},10.8,2048,10.88,10.78,10.86,8.1491,4441.0
2019-06-14 15:00,{},10.78,2048,10.84,10.78,10.8,9.9346,5414.0
2019-06-17 10:00,{},10.76,2048,10.86,10.71,10.77,7.5326,4105.0
2019-06-17 10:30,{},10.64,2048,10.79,10.61,10.76,15.8046,8613.0
2019-06-17 11:00,{},10.63,2048,10.68,10.62,10.64,12.0539,6569.0
2019-06-17 11:30,{},10.62,2048,10.69,10.6,10.63,8.4831,4623.0
2019-06-17 13:30,{},10.69,2048,10.74,10.61,10.62,8.9015,4851.0
2019-06-17 14:00,{},11.09,2048,11.4,10.67,10.69,40.4153,22025.0
2019-06-17 14:30,{},10.88,2048,11.09,10.88,11.09,9.6208,5243.0
2019-06-17 15:00,{},10.95,2048,10.99,10.84,10.88,13.0485,7111.0
2019-06-18 10:00,{},10.85,2048,10.92,10.79,10.87,23.339,12719.0
2019-06-18 10:30,{},10.83,2048,10.9,10.81,10.85,10.0153,5458.0
2019-06-18 11:00,{},10.87,2048,10.93,10.82,10.83,6.9894,3809.0
2019-06-18 11:30,{},10.84,2048,10.89,10.82,10.87,3.6736,2002.0
2019-06-18 13:30,{},10.8,2048,10.85,10.79,10.84,4.648,2533.0
2019-06-18 14:00,{},10.81,2048,10.92,10.77,10.8,8.6189,4697.0
2019-06-18 14:30,{},10.8,2048,10.83,10.78,10.81,6.6701,3635.0
2019-06-18 15:00,{},10.8,2048,10.83,10.73,10.79,11.4466,6238.0
2019-06-19 10:00,{},10.97,2048,11.07,10.95,10.95,37.7509,20573.0
2019-06-19 10:30,{},10.99,2048,11.01,10.93,10.97,11.3053,6161.0
2019-06-19 11:00,{},10.94,2048,11.0,10.94,10.99,6.4316,3505.0
2019-06-19 11:30,{},11.02,2048,11.02,10.93,10.94,7.1215,3881.0
2019-06-19 13:30,{},11.03,2048,11.05,10.99,10.99,11.3695,6196.0
2019-06-19 14:00,{},10.99,2048,11.04,10.97,11.03,11.1897,6098.0
2019-06-19 14:30,{},10.95,2048,11.0,10.95,10.99,6.6977,3650.0
2019-06-19 15:00,{},10.88,2048,10.97,10.87,10.95,13.5568,7388.0
2019-06-20 10:00,{},10.91,2048,10.94,10.86,10.91,11.7952,6428.0
2019-06-20 10:30,{},11.03,2048,11.05,10.9,10.91,14.122,7696.0
2019-06-20 11:00,{},11.03,2048,11.05,10.99,11.03,10.9181,5950.0
2019-06-20 11:30,{},11.17,2048,11.19,11.02,11.03,23.0142,12542.0
2019-06-20 13:30,{},11.06,2048,11.2,11.06,11.17,12.7292,6937.0
2019-06-20 14:00,{},11.08,2048,11.11,11.06,11.06,7.672,4181.0
2019-06-20 14:30,{},11.14,2048,11.14,11.07,11.08,7.8647,4286.0
2019-06-20 15:00,{},11.14,2048,11.14,11.09,11.14,11.2025,6105.0
2019-06-21 10:00,{},11.27,2048,11.35,11.16,11.24,27.9375,15225.0
2019-06-21 10:30,{},11.28,2048,11.28,11.22,11.27,8.9143,4858.0
2019-06-21 11:00,{},11.3,2048,11.33,11.25,11.27,20.6838,11272.0
2019-06-21 11:30,{},11.35,2048,11.35,11.3,11.3,9.5822,5222.0
2019-06-21 13:30,{},11.31,2048,11.35,11.3,11.35,9.0207,4916.0
2019-06-21 14:00,{},11.29,2048,11.33,11.26,11.31,8.9749,4891.0
2019-06-21 14:30,{},11.26,2048,11.29,11.23,11.29,5.8994,3215.0
2019-06-21 15:00,{},11.29,2048,11.29,11.23,11.26,11.3328,6176.0
2019-06-24 10:00,{},11.19,2048,11.35,11.17,11.29,13.0779,7127.0
2019-06-24 10:30,{},11.23,2048,11.27,11.17,11.19,8.5014,4633.0
2019-06-24 11:00,{},11.23,2048,11.3,11.2,11.23,8.8721,4835.0
2019-06-24 11:30,{},11.26,2048,11.28,11.22,11.23,3.8534,2100.0
2019-06-24 13:30,{},11.26,2048,11.27,11.23,11.26,4.248,2315.0
2019-06-24 14:00,{},11.24,2048,11.28,11.2,11.25,5.4444,2967.0
2019-06-24 14:30,{},11.29,2048,11.32,11.21,11.24,10.8337,5904.0
2019-06-24 15:00,{},11.3,2048,11.34,11.24,11.29,11.8172,6440.0
2019-06-25 10:00,{},11.21,2048,11.31,11.16,11.3,12.7127,6928.0
2019-06-25 10:30,{},11.2,2048,11.23,11.15,11.21,8.718,4751.0
2019-06-25 11:00,{},11.11,2048,11.21,11.08,11.2,7.7674,4233.0
2019-06-25 11:30,{},11.12,2048,11.13,11.07,11.08,6.4609,3521.0
2019-06-25 13:30,{},11.1,2048,11.14,11.07,11.12,8.0537,4389.0
2019-06-25 14:00,{},11.09,2048,11.14,11.08,11.1,9.9639,5430.0
2019-06-25 14:30,{},11.07,2048,11.17,11.07,11.09,10.9053,5943.0
2019-06-25 15:00,{},11.09,2048,11.13,11.04,11.07,21.3132,11615.0
2019-06-26 10:00,{},11.12,2048,11.18,10.98,11.11,13.0577,7116.0
2019-06-26 10:30,{},11.1,2048,11.19,11.1,11.12,16.5239,9005.0
2019-06-26 11:00,{},11.09,2048,11.17,11.08,11.1,15.333,8356.0
2019-06-26 11:30,{},11.06,2048,11.12,11.01,11.09,9.1822,5004.0
2019-06-26 13:30,{},11.05,2048,11.12,11.03,11.06,4.5067,2456.0
2019-06-26 14:00,{},11.05,2048,11.08,11.03,11.05,5.426,2957.0
2019-06-26 14:30,{},11.06,2048,11.11,11.04,11.05,5.8829,3206.0
2019-06-26 15:00,{},11.06,2048,11.1,11.05,11.06,7.3876,4026.0
2019-06-27 10:00,{},11.23,2048,11.24,11.06,11.06,16.0358,8739.0
2019-06-27 10:30,{},11.11,2048,11.24,11.11,11.22,8.5308,4649.0
2019-06-27 11:00,{},11.13,2048,11.14,11.09,11.11,9.3419,5091.0
2019-06-27 11:30,{},11.11,2048,11.15,11.1,11.13,5.2737,2874.0
2019-06-27 13:30,{},11.12,2048,11.16,11.11,11.11,5.6646,3087.0
2019-06-27 14:00,{},11.06,2048,11.14,11.05,11.12,11.1144,6057.0
2019-06-27 14:30,{},11.05,2048,11.08,11.02,11.06,11.2117,6110.0
2019-06-27 15:00,{},11.02,2048,11.08,11.0,11.05,16.5845,9038.0
2019-06-28 10:00,{},10.96,2048,11.1,10.95,11.08,13.0118,7091.0
2019-06-28 10:30,{},10.91,2048,10.98,10.88,10.97,14.8284,8081.0
2019-06-28 11:00,{},10.84,2048,10.92,10.82,10.91,9.9089,5400.0
2019-06-28 11:30,{},10.84,2048,10.86,10.78,10.84,9.2464,5039.0
2019-06-28 13:30,{},10.81,2048,10.86,10.8,10.84,7.3326,3996.0
2019-06-28 14:00,{},10.82,2048,10.85,10.79,10.81,5.549,3024.0
2019-06-28 14:30,{},10.86,2048,10.86,10.74,10.82,10.6557,5807.0
2019-06-28 15:00,{},10.82,2048,10.87,10.81,10.86,9.5988,5231.0
2019-07-01 10:00,{},10.99,2048,11.05,10.9,11.05,31.0294,16910.0
2019-07-01 10:30,{},11.07,2048,11.1,10.99,10.99,13.421,7314.0
2019-07-01 11:00,{},11.08,2048,11.1,11.01,11.06,17.6873,9639.0
2019-07-01 11:30,{},11.03,2048,11.1,11.02,11.08,15.3459,8363.0
2019-07-01 13:30,{},11.01,2048,11.05,10.98,11.03,16.2157,8837.0
2019-07-01 14:00,{},11.04,2048,11.06,11.0,11.02,10.9016,5941.0
2019-07-01 14:30,{},11.07,2048,11.09,11.03,11.04,9.1473,4985.0
2019-07-01 15:00,{},11.13,2048,11.15,11.06,11.07,20.1976,11007.0
2019-07-02 10:00,{},11.2,2048,11.24,11.05,11.12,24.563,13386.0
2019-07-02 10:30,{},11.18,2048,11.23,11.16,11.2,14.8578,8097.0
2019-07-02 11:00,{},11.19,2048,11.23,11.18,11.18,13.955,7605.0
2019-07-02 11:30,{},11.24,2048,11.24,11.19,11.19,7.8133,4258.0
2019-07-02 13:30,{},11.19,2048,11.24,11.18,11.24,8.617,4696.0
2019-07-02 14:00,{},11.17,2048,11.2,11.16,11.19,9.8189,5351.0
2019-07-02 14:30,{},11.2,2048,11.21,11.16,11.17,10.8429,5909.0
2019-07-02 15:00,{},11.21,2048,11.22,11.19,11.2,20.715,11289.0
2019-07-03 10:00,{},11.12,2048,11.19,11.05,11.18,18.7956,10243.0
2019-07-03 10:30,{},11.17,2048,11.19,11.11,11.12,8.1546,4444.0
2019-07-03 11:00,{},11.15,2048,11.18,11.13,11.17,4.6829,2552.0
2019-07-03 11:30,{},11.18,2048,11.19,11.14,11.15,4.0406,2202.0
2019-07-03 13:30,{},11.16,2048,11.22,11.15,11.18,7.9051,4308.0
2019-07-03 14:00,{},11.18,2048,11.19,11.14,11.16,7.6629,4176.0
2019-07-03 14:30,{},11.16,2048,11.19,11.13,11.18,8.6758,4728.0
2019-07-03 15:00,{},11.18,2048,11.19,11.14,11.16,12.6999,6921.0
2019-07-04 10:00,{},11.29,2048,11.37,11.14,11.17,22.2601,12131.0
2019-07-04 10:30,{},11.24,2048,11.29,11.2,11.28,12.7751,6962.0
2019-07-04 11:00,{},11.16,2048,11.25,11.14,11.24,8.9455,4875.0
2019-07-04 11:30,{},11.18,2048,11.2,11.15,11.15,2.468,1345.0
2019-07-04 13:30,{},11.13,2048,11.18,11.12,11.18,8.3363,4543.0
2019-07-04 14:00,{},11.13,2048,11.15,11.12,11.13,6.2242,3392.0
2019-07-04 14:30,{},11.02,2048,11.14,10.99,11.13,20.0177,10909.0
2019-07-04 15:00,{},11.05,2048,11.08,10.97,11.02,17.1809,9363.0
2019-07-05 10:00,{},11.1,2048,11.16,11.03,11.05,13.8816,7565.0
2019-07-05 10:30,{},11.15,2048,11.15,11.07,11.1,5.982,3260.0
2019-07-05 11:00,{},11.16,2048,11.17,11.12,11.15,5.4994,2997.0
2019-07-05 11:30,{},11.16,2048,11.17,11.13,11.16,4.3342,2362.0
2019-07-05 13:30,{},11.19,2048,11.22,11.13,11.16,14.955,8150.0
2019-07-05 14:00,{},11.25,2048,11.25,11.19,11.19,13.2283,7209.0
2019-07-05 14:30,{},11.29,2048,11.3,11.23,11.25,14.1073,7688.0
2019-07-05 15:00,{},11.23,2048,11.29,11.21,11.29,16.4891,8986.0
